[0 0 0 0 0 0 0 1 0 0 2 0 0 0 0 0 0 0 0 0 0], 	Ex = 12.41, 	t = 3000000000000000.0000 msec, 	Position = 3
[0 0 0 0 0 0 0 1 0 0 2 0 0 0 0 0 0 0 0 0 0], 	Ex = 12.41, 	t = 3000601202404809.5000 msec, 	Position = 3
[0 0 0 0 0 0 0 1 0 0 2 0 0 0 0 0 0 0 0 0 0], 	Ex = 12.41, 	t = 3001202404809619.0000 msec, 	Position = 3
[0 0 0 0 0 0 0 1 0 0 2 0 0 0 0 0 0 0 0 0 0], 	Ex = 12.41, 	t = 3001803607214429.0000 msec, 	Position = 3
[0 0 0 0 0 0 0 1 0 0 2 0 0 0 0 0 0 0 0 0 0], 	Ex = 12.42, 	t = 3002404809619238.5000 msec, 	Position = 3
[0 0 0 0 0 0 0 1 0 0 2 0 0 0 0 0 0 0 0 0 0], 	Ex = 12.42, 	t = 3003006012024048.0000 msec, 	Position = 3
[0 0 0 0 0 0 0 1 0 0 2 0 0 0 0 0 0 0 0 0 0], 	Ex = 12.42, 	t = 3003607214428857.5000 msec, 	Position = 3
[0 0 0 0 0 0 0 1 0 0 2 0 0 0 0 0 0 0 0 0 0], 	Ex = 12.42, 	t = 3004208416833667.5000 msec, 	Position = 3
[0 0 0 0 0 0 0 1 0 0 2 0 0 0 0 0 0 0 0 0 0], 	Ex = 12.43, 	t = 3004809619238477.0000 msec, 	Position = 3
[0 0 0 0 0 0 0 1 0 0 2 0 0 0 0 0 0 0 0 0 0], 	Ex = 12.43, 	t = 3005410821643286.5000 msec, 	Position = 3
[0 0 0 0 0 0 0 1 0 0 2 0 0 0 0 0 0 0 0 0 0], 	Ex = 12.43, 	t = 3006012024048096.0000 msec, 	Position = 3
[0 0 0 0 0 0 0 1 0 0 2 0 0 0 0 0 0 0 0 0 0], 	Ex = 12.43, 	t = 3006613226452906.0000 msec, 	Position = 3
[0 0 0 0 0 0 0 1 0 0 2 0 0 0 0 0 0 0 0 0 0], 	Ex = 12.44, 	t = 3007214428857715.5000 msec, 	Position = 3
[0 0 0 0 0 0 0 1 0 0 2 0 0 0 0 0 0 0 0 0 0], 	Ex = 12.44, 	t = 3007815631262525.0000 msec, 	Position = 3
[0 0 0 0 0 0 0 1 0 0 2 0 0 0 0 0 0 0 0 0 0], 	Ex = 12.44, 	t = 3008416833667334.5000 msec, 	Position = 3
[0 0 0 0 0 0 0 1 0 0 2 0 0 0 0 0 0 0 0 0 0], 	Ex = 12.44, 	t = 3009018036072144.5000 msec, 	Position = 3
[0 0 0 0 0 0 0 1 0 0 2 0 0 0 0 0 0 0 0 0 0], 	Ex = 12.45, 	t = 3009619238476954.0000 msec, 	Position = 3
[0 0 0 0 0 0 0 1 0 0 2 0 0 0 0 0 0 0 0 0 0], 	Ex = 12.45, 	t = 3010220440881763.5000 msec, 	Position = 3
[0 0 0 0 0 0 0 1 0 0 2 0 0 0 0 0 0 0 0 0 0], 	Ex = 12.45, 	t = 3010821643286573.0000 msec, 	Position = 3
[0 0 0 0 0 0 0 1 0 0 2 0 0 0 0 0 0 0 0 0 0], 	Ex = 12.45, 	t = 3011422845691383.0000 msec, 	Position = 3
[0 0 0 0 0 0 0 1 0 0 2 0 0 0 0 0 0 0 0 0 0], 	Ex = 12.46, 	t = 3012024048096192.5000 msec, 	Position = 3
[0 0 0 0 0 0 0 1 0 0 2 0 0 0 0 0 0 0 0 0 0], 	Ex = 12.46, 	t = 3012625250501002.0000 msec, 	Position = 3
[0 0 0 0 0 0 0 1 0 0 2 0 0 0 0 0 0 0 0 0 0], 	Ex = 12.46, 	t = 3013226452905811.5000 msec, 	Position = 3
[0 0 0 0 0 0 0 1 0 0 2 0 0 0 0 0 0 0 0 0 0], 	Ex = 12.46, 	t = 3013827655310621.0000 msec, 	Position = 3
[0 0 0 0 0 0 0 1 0 0 2 0 0 0 0 0 0 0 0 0 0], 	Ex = 12.47, 	t = 3014428857715431.0000 msec, 	Position = 3
[0 0 0 0 0 0 0 1 0 0 2 0 0 0 0 0 0 0 0 0 0], 	Ex = 12.47, 	t = 3015030060120240.5000 msec, 	Position = 3
[0 0 0 0 0 0 0 1 0 0 2 0 0 0 0 0 0 0 0 0 0], 	Ex = 12.47, 	t = 3015631262525050.0000 msec, 	Position = 3
[0 0 0 0 0 0 0 1 0 0 2 0 0 0 0 0 0 0 0 0 0], 	Ex = 12.47, 	t = 3016232464929859.5000 msec, 	Position = 3
[0 0 0 0 0 0 0 1 0 0 2 0 0 0 0 0 0 0 0 0 0], 	Ex = 12.48, 	t = 3016833667334669.5000 msec, 	Position = 3
[0 0 0 0 0 0 0 1 0 0 2 0 0 0 0 0 0 0 0 0 0], 	Ex = 12.48, 	t = 3017434869739479.0000 msec, 	Position = 3
[0 0 0 0 0 0 0 1 0 0 2 0 0 0 0 0 0 0 0 0 0], 	Ex = 12.48, 	t = 3018036072144288.5000 msec, 	Position = 3
[0 0 0 0 0 0 0 1 0 0 2 0 0 0 0 0 0 0 0 0 0], 	Ex = 12.48, 	t = 3018637274549098.0000 msec, 	Position = 3
[0 0 0 0 0 0 0 1 0 0 2 0 0 0 0 0 0 0 0 0 0], 	Ex = 12.49, 	t = 3019238476953908.0000 msec, 	Position = 3
[0 0 0 0 0 0 0 1 0 0 2 0 0 0 0 0 0 0 0 0 0], 	Ex = 12.49, 	t = 3019839679358717.5000 msec, 	Position = 3
[0 0 0 0 0 0 0 1 0 0 2 0 0 0 0 0 0 0 0 0 0], 	Ex = 12.49, 	t = 3020440881763527.0000 msec, 	Position = 3
[0 0 0 0 0 0 0 1 0 0 2 0 0 0 0 0 0 0 0 0 0], 	Ex = 12.49, 	t = 3021042084168336.5000 msec, 	Position = 3
[0 0 0 0 0 0 0 1 0 0 2 0 0 0 0 0 0 0 0 0 0], 	Ex = 12.50, 	t = 3021643286573146.5000 msec, 	Position = 3
[0 0 0 0 0 0 0 1 0 0 2 0 0 0 0 0 0 0 0 0 0], 	Ex = 12.50, 	t = 3022244488977956.0000 msec, 	Position = 3
[0 0 0 0 0 0 0 1 0 0 2 0 0 0 0 0 0 0 0 0 0], 	Ex = 12.50, 	t = 3022845691382765.5000 msec, 	Position = 3
[0 0 0 0 0 0 0 1 0 0 2 0 0 0 0 0 0 0 0 0 0], 	Ex = 12.50, 	t = 3023446893787575.0000 msec, 	Position = 3
[0 0 0 0 0 0 0 1 0 0 2 0 0 0 0 0 0 0 0 0 0], 	Ex = 12.51, 	t = 3024048096192385.0000 msec, 	Position = 3
[0 0 0 0 0 0 0 1 0 0 2 0 0 0 0 0 0 0 0 0 0], 	Ex = 12.51, 	t = 3024649298597194.5000 msec, 	Position = 3
[0 0 0 0 0 0 0 1 0 0 2 0 0 0 0 0 0 0 0 0 0], 	Ex = 12.51, 	t = 3025250501002004.0000 msec, 	Position = 3
[0 0 0 0 0 0 0 1 0 0 2 0 0 0 0 0 0 0 0 0 0], 	Ex = 12.51, 	t = 3025851703406813.5000 msec, 	Position = 3
[0 0 0 0 0 0 0 1 0 0 2 0 0 0 0 0 0 0 0 0 0], 	Ex = 12.52, 	t = 3026452905811623.0000 msec, 	Position = 3
[0 0 0 0 0 0 0 1 0 0 2 0 0 0 0 0 0 0 0 0 0], 	Ex = 12.52, 	t = 3027054108216433.0000 msec, 	Position = 3
[0 0 0 0 0 0 0 1 0 0 2 0 0 0 0 0 0 0 0 0 0], 	Ex = 12.52, 	t = 3027655310621242.5000 msec, 	Position = 3
[0 0 0 0 0 0 0 1 0 0 2 0 0 0 0 0 0 0 0 0 0], 	Ex = 12.52, 	t = 3028256513026052.0000 msec, 	Position = 3
[0 0 0 0 0 0 0 1 0 0 2 0 0 0 0 0 0 0 0 0 0], 	Ex = 12.53, 	t = 3028857715430861.5000 msec, 	Position = 3
[0 0 0 0 0 0 0 1 0 0 2 0 0 0 0 0 0 0 0 0 0], 	Ex = 12.53, 	t = 3029458917835671.5000 msec, 	Position = 3
[0 0 0 0 0 0 0 1 0 0 2 0 0 0 0 0 0 0 0 0 0], 	Ex = 12.53, 	t = 3030060120240481.0000 msec, 	Position = 3
[0 0 0 0 0 0 0 1 0 0 2 0 0 0 0 0 0 0 0 0 0], 	Ex = 12.53, 	t = 3030661322645290.5000 msec, 	Position = 3
[0 0 0 0 0 0 0 1 0 0 2 0 0 0 0 0 0 0 0 0 0], 	Ex = 12.54, 	t = 3031262525050100.0000 msec, 	Position = 3
[0 0 0 0 0 0 0 1 0 0 2 0 0 0 0 0 0 0 0 0 0], 	Ex = 12.54, 	t = 3031863727454910.0000 msec, 	Position = 3
[0 0 0 0 0 0 0 1 0 0 2 0 0 0 0 0 0 0 0 0 0], 	Ex = 12.54, 	t = 3032464929859719.5000 msec, 	Position = 3
[0 0 0 0 0 0 0 1 0 0 2 0 0 0 0 0 0 0 0 0 0], 	Ex = 12.54, 	t = 3033066132264529.0000 msec, 	Position = 3
[0 0 0 0 0 0 0 1 0 0 2 0 0 0 0 0 0 0 0 0 0], 	Ex = 12.55, 	t = 3033667334669338.5000 msec, 	Position = 3
[0 0 0 0 0 0 0 1 0 0 2 0 0 0 0 0 0 0 0 0 0], 	Ex = 12.55, 	t = 3034268537074148.5000 msec, 	Position = 3
[0 0 0 0 0 0 0 1 0 0 2 0 0 0 0 0 0 0 0 0 0], 	Ex = 12.55, 	t = 3034869739478958.0000 msec, 	Position = 3
[0 0 0 0 0 0 0 1 0 0 2 0 0 0 0 0 0 0 0 0 0], 	Ex = 12.55, 	t = 3035470941883767.5000 msec, 	Position = 3
[0 0 0 0 0 0 0 1 0 0 2 0 0 0 0 0 0 0 0 0 0], 	Ex = 12.56, 	t = 3036072144288577.0000 msec, 	Position = 3
[0 0 0 0 0 0 0 1 0 0 2 0 0 0 0 0 0 0 0 0 0], 	Ex = 12.56, 	t = 3036673346693387.0000 msec, 	Position = 3
[0 0 0 0 0 0 0 1 0 0 2 0 0 0 0 0 0 0 0 0 0], 	Ex = 12.56, 	t = 3037274549098196.5000 msec, 	Position = 3
[0 0 0 0 0 0 0 1 0 0 2 0 0 0 0 0 0 0 0 0 0], 	Ex = 12.56, 	t = 3037875751503006.0000 msec, 	Position = 3
[0 0 0 0 0 0 0 1 0 0 2 0 0 0 0 0 0 0 0 0 0], 	Ex = 12.57, 	t = 3038476953907815.5000 msec, 	Position = 3
[0 0 0 0 0 0 0 1 0 0 2 0 0 0 0 0 0 0 0 0 0], 	Ex = 12.57, 	t = 3039078156312625.0000 msec, 	Position = 3
[0 0 0 0 0 0 0 1 0 0 2 0 0 0 0 0 0 0 0 0 0], 	Ex = 12.57, 	t = 3039679358717435.0000 msec, 	Position = 3
[0 0 0 0 0 0 0 1 0 0 2 0 0 0 0 0 0 0 0 0 0], 	Ex = 12.57, 	t = 3040280561122244.5000 msec, 	Position = 3
[0 0 0 0 0 0 0 1 0 0 2 0 0 0 0 0 0 0 0 0 0], 	Ex = 12.58, 	t = 3040881763527054.0000 msec, 	Position = 3
[0 0 0 0 0 0 0 1 0 0 2 0 0 0 0 0 0 0 0 0 0], 	Ex = 12.58, 	t = 3041482965931863.5000 msec, 	Position = 3
[0 0 0 0 0 0 0 1 0 0 2 0 0 0 0 0 0 0 0 0 0], 	Ex = 12.58, 	t = 3042084168336673.5000 msec, 	Position = 3
[0 0 0 0 0 0 0 1 0 0 2 0 0 0 0 0 0 0 0 0 0], 	Ex = 12.58, 	t = 3042685370741483.0000 msec, 	Position = 3
[0 0 0 0 0 0 0 1 0 0 2 0 0 0 0 0 0 0 0 0 0], 	Ex = 12.59, 	t = 3043286573146292.5000 msec, 	Position = 3
[0 0 0 0 0 0 0 1 0 0 2 0 0 0 0 0 0 0 0 0 0], 	Ex = 12.59, 	t = 3043887775551102.0000 msec, 	Position = 3
[0 0 0 0 0 0 0 1 0 0 2 0 0 0 0 0 0 0 0 0 0], 	Ex = 12.59, 	t = 3044488977955912.0000 msec, 	Position = 3
[0 0 0 0 0 0 0 1 0 0 2 0 0 0 0 0 0 0 0 0 0], 	Ex = 12.59, 	t = 3045090180360721.5000 msec, 	Position = 3
[0 0 0 0 0 0 0 1 0 0 2 0 0 0 0 0 0 0 0 0 0], 	Ex = 12.60, 	t = 3045691382765531.0000 msec, 	Position = 3
[0 0 0 0 0 0 0 1 0 0 2 0 0 0 0 0 0 0 0 0 0], 	Ex = 12.60, 	t = 3046292585170340.5000 msec, 	Position = 3
[0 0 0 0 0 0 0 1 0 0 2 0 0 0 0 0 0 0 0 0 0], 	Ex = 12.60, 	t = 3046893787575150.5000 msec, 	Position = 3
[0 0 0 0 0 0 0 1 0 0 2 0 0 0 0 0 0 0 0 0 0], 	Ex = 12.60, 	t = 3047494989979960.0000 msec, 	Position = 3
[0 0 0 0 0 0 0 1 0 0 2 0 0 0 0 0 0 0 0 0 0], 	Ex = 12.61, 	t = 3048096192384769.5000 msec, 	Position = 3
[0 0 0 0 0 0 0 1 0 0 2 0 0 0 0 0 0 0 0 0 0], 	Ex = 12.61, 	t = 3048697394789579.0000 msec, 	Position = 3
[0 0 0 0 0 0 0 1 0 0 2 0 0 0 0 0 0 0 0 0 0], 	Ex = 12.61, 	t = 3049298597194389.0000 msec, 	Position = 3
[0 0 0 0 0 0 0 1 0 0 2 0 0 0 0 0 0 0 0 0 0], 	Ex = 12.61, 	t = 3049899799599198.5000 msec, 	Position = 3
[0 0 0 0 0 0 0 1 0 0 2 0 0 0 0 0 0 0 0 0 0], 	Ex = 12.62, 	t = 3050501002004008.0000 msec, 	Position = 3
[0 0 0 0 0 0 0 1 0 0 2 0 0 0 0 0 0 0 0 0 0], 	Ex = 12.62, 	t = 3051102204408817.5000 msec, 	Position = 3
[0 0 0 0 0 0 0 1 0 0 2 0 0 0 0 0 0 0 0 0 0], 	Ex = 12.62, 	t = 3051703406813627.5000 msec, 	Position = 3
[0 0 0 0 0 0 0 1 0 0 2 0 0 0 0 0 0 0 0 0 0], 	Ex = 12.62, 	t = 3052304609218437.0000 msec, 	Position = 3
[0 0 0 0 0 0 0 1 0 0 2 0 0 0 0 0 0 0 0 0 0], 	Ex = 12.63, 	t = 3052905811623246.5000 msec, 	Position = 3
[0 0 0 0 0 0 0 1 0 0 2 0 0 0 0 0 0 0 0 0 0], 	Ex = 12.63, 	t = 3053507014028056.0000 msec, 	Position = 3
[0 0 0 0 0 0 0 1 0 0 2 0 0 0 0 0 0 0 0 0 0], 	Ex = 12.63, 	t = 3054108216432865.5000 msec, 	Position = 3
[0 0 0 0 0 0 0 1 0 0 2 0 0 0 0 0 0 0 0 0 0], 	Ex = 12.63, 	t = 3054709418837675.5000 msec, 	Position = 3
[0 0 0 0 0 0 0 1 0 0 2 0 0 0 0 0 0 0 0 0 0], 	Ex = 12.64, 	t = 3055310621242485.0000 msec, 	Position = 3
[0 0 0 0 0 0 0 1 0 0 2 0 0 0 0 0 0 0 0 0 0], 	Ex = 12.64, 	t = 3055911823647294.5000 msec, 	Position = 3
[0 0 0 0 0 0 0 1 0 0 2 0 0 0 0 0 0 0 0 0 0], 	Ex = 12.64, 	t = 3056513026052104.0000 msec, 	Position = 3
[0 0 0 0 0 0 0 1 0 0 2 0 0 0 0 0 0 0 0 0 0], 	Ex = 12.64, 	t = 3057114228456914.0000 msec, 	Position = 3
[0 0 0 0 0 0 0 1 0 0 2 0 0 0 0 0 0 0 0 0 0], 	Ex = 12.65, 	t = 3057715430861723.5000 msec, 	Position = 3
[0 0 0 0 0 0 0 1 0 0 2 0 0 0 0 0 0 0 0 0 0], 	Ex = 12.65, 	t = 3058316633266533.0000 msec, 	Position = 3
[0 0 0 0 0 0 0 1 0 0 2 0 0 0 0 0 0 0 0 0 0], 	Ex = 12.65, 	t = 3058917835671342.5000 msec, 	Position = 3
[0 0 0 0 0 0 0 1 0 0 2 0 0 0 0 0 0 0 0 0 0], 	Ex = 12.65, 	t = 3059519038076152.5000 msec, 	Position = 3
[0 0 0 0 0 0 0 1 0 0 2 0 0 0 0 0 0 0 0 0 0], 	Ex = 12.66, 	t = 3060120240480962.0000 msec, 	Position = 3
[0 0 0 0 0 0 0 1 0 0 2 0 0 0 0 0 0 0 0 0 0], 	Ex = 12.66, 	t = 3060721442885771.5000 msec, 	Position = 3
[0 0 0 0 0 0 0 1 0 0 2 0 0 0 0 0 0 0 0 0 0], 	Ex = 12.66, 	t = 3061322645290581.0000 msec, 	Position = 3
[0 0 0 0 0 0 0 1 0 0 2 0 0 0 0 0 0 0 0 0 0], 	Ex = 12.66, 	t = 3061923847695391.0000 msec, 	Position = 3
[0 0 0 0 0 0 0 1 0 0 2 0 0 0 0 0 0 0 0 0 0], 	Ex = 12.67, 	t = 3062525050100200.5000 msec, 	Position = 3
[0 0 0 0 0 0 0 1 0 0 2 0 0 0 0 0 0 0 0 0 0], 	Ex = 12.67, 	t = 3063126252505010.0000 msec, 	Position = 3
[0 0 0 0 0 0 0 1 0 0 2 0 0 0 0 0 0 0 0 0 0], 	Ex = 12.67, 	t = 3063727454909819.5000 msec, 	Position = 3
[0 0 0 0 0 0 0 1 0 0 2 0 0 0 0 0 0 0 0 0 0], 	Ex = 12.67, 	t = 3064328657314629.5000 msec, 	Position = 3
[0 0 0 0 0 0 0 1 0 0 2 0 0 0 0 0 0 0 0 0 0], 	Ex = 12.68, 	t = 3064929859719439.0000 msec, 	Position = 3
[0 0 0 0 0 0 0 1 0 0 2 0 0 0 0 0 0 0 0 0 0], 	Ex = 12.68, 	t = 3065531062124248.5000 msec, 	Position = 3
[0 0 0 0 0 0 0 1 0 0 2 0 0 0 0 0 0 0 0 0 0], 	Ex = 12.68, 	t = 3066132264529058.0000 msec, 	Position = 3
[0 0 0 0 0 0 0 1 0 0 2 0 0 0 0 0 0 0 0 0 0], 	Ex = 12.68, 	t = 3066733466933867.5000 msec, 	Position = 3
[0 0 0 0 0 0 0 1 0 0 2 0 0 0 0 0 0 0 0 0 0], 	Ex = 12.69, 	t = 3067334669338677.5000 msec, 	Position = 3
[0 0 0 0 0 0 0 1 0 0 2 0 0 0 0 0 0 0 0 0 0], 	Ex = 12.69, 	t = 3067935871743487.0000 msec, 	Position = 3
[0 0 0 0 0 0 0 1 0 0 2 0 0 0 0 0 0 0 0 0 0], 	Ex = 12.69, 	t = 3068537074148296.5000 msec, 	Position = 3
[0 0 0 0 0 0 0 1 0 0 2 0 0 0 0 0 0 0 0 0 0], 	Ex = 12.69, 	t = 3069138276553106.0000 msec, 	Position = 3
[0 0 0 0 0 0 0 1 0 0 2 0 0 0 0 0 0 0 0 0 0], 	Ex = 12.70, 	t = 3069739478957916.0000 msec, 	Position = 3
[0 0 0 0 0 0 0 1 0 0 2 0 0 0 0 0 0 0 0 0 0], 	Ex = 12.70, 	t = 3070340681362725.5000 msec, 	Position = 3
[0 0 0 0 0 0 0 1 0 0 2 0 0 0 0 0 0 0 0 0 0], 	Ex = 12.70, 	t = 3070941883767535.0000 msec, 	Position = 3
[0 0 0 0 0 0 0 1 0 0 2 0 0 0 0 0 0 0 0 0 0], 	Ex = 12.70, 	t = 3071543086172344.5000 msec, 	Position = 3
[0 0 0 0 0 0 0 1 0 0 2 0 0 0 0 0 0 0 0 0 0], 	Ex = 12.71, 	t = 3072144288577154.5000 msec, 	Position = 3
[0 0 0 0 0 0 0 1 0 0 2 0 0 0 0 0 0 0 0 0 0], 	Ex = 12.71, 	t = 3072745490981964.0000 msec, 	Position = 3
[0 0 0 0 0 0 0 1 0 0 2 0 0 0 0 0 0 0 0 0 0], 	Ex = 12.71, 	t = 3073346693386773.5000 msec, 	Position = 3
[0 0 0 0 0 0 0 1 0 0 2 0 0 0 0 0 0 0 0 0 0], 	Ex = 12.71, 	t = 3073947895791583.0000 msec, 	Position = 3
[0 0 0 0 0 0 0 1 0 0 2 0 0 0 0 0 0 0 0 0 0], 	Ex = 12.72, 	t = 3074549098196393.0000 msec, 	Position = 3
[0 0 0 0 0 0 0 1 0 0 2 0 0 0 0 0 0 0 0 0 0], 	Ex = 12.72, 	t = 3075150300601202.5000 msec, 	Position = 3
[0 0 0 0 0 0 0 1 0 0 2 0 0 0 0 0 0 0 0 0 0], 	Ex = 12.72, 	t = 3075751503006012.0000 msec, 	Position = 3
[0 0 0 0 0 0 0 1 0 0 2 0 0 0 0 0 0 0 0 0 0], 	Ex = 12.72, 	t = 3076352705410821.5000 msec, 	Position = 3
[0 0 0 0 0 0 0 1 0 0 2 0 0 0 0 0 0 0 0 0 0], 	Ex = 12.73, 	t = 3076953907815631.5000 msec, 	Position = 3
[0 0 0 0 0 0 0 1 0 0 2 0 0 0 0 0 0 0 0 0 0], 	Ex = 12.73, 	t = 3077555110220441.0000 msec, 	Position = 3
[0 0 0 0 0 0 0 1 0 0 2 0 0 0 0 0 0 0 0 0 0], 	Ex = 12.73, 	t = 3078156312625250.5000 msec, 	Position = 3
[0 0 0 0 0 0 0 1 0 0 2 0 0 0 0 0 0 0 0 0 0], 	Ex = 12.73, 	t = 3078757515030060.0000 msec, 	Position = 3
[0 0 0 0 0 0 0 1 0 0 2 0 0 0 0 0 0 0 0 0 0], 	Ex = 12.74, 	t = 3079358717434870.0000 msec, 	Position = 3
[0 0 0 0 0 0 0 1 0 0 2 0 0 0 0 0 0 0 0 0 0], 	Ex = 12.74, 	t = 3079959919839679.5000 msec, 	Position = 3
[0 0 0 0 0 0 0 1 0 0 2 0 0 0 0 0 0 0 0 0 0], 	Ex = 12.74, 	t = 3080561122244489.0000 msec, 	Position = 3
[0 0 0 0 0 0 0 1 0 0 2 0 0 0 0 0 0 0 0 0 0], 	Ex = 12.74, 	t = 3081162324649298.5000 msec, 	Position = 3
[0 0 0 0 0 0 0 1 0 0 2 0 0 0 0 0 0 0 0 0 0], 	Ex = 12.75, 	t = 3081763527054108.0000 msec, 	Position = 3
[0 0 0 0 0 0 0 1 0 0 2 0 0 0 0 0 0 0 0 0 0], 	Ex = 12.75, 	t = 3082364729458918.0000 msec, 	Position = 3
[0 0 0 0 0 0 1 0 0 0 2 0 0 0 0 0 0 0 0 0 0], 	Ex = 12.75, 	t = 3082965931863727.5000 msec, 	Position = 4
[0 0 0 0 0 0 1 0 0 0 2 0 0 0 0 0 0 0 0 0 0], 	Ex = 12.75, 	t = 3083567134268537.0000 msec, 	Position = 4
[0 0 0 0 0 0 1 0 0 0 2 0 0 0 0 0 0 0 0 0 0], 	Ex = 12.76, 	t = 3084168336673346.5000 msec, 	Position = 4
[0 0 0 0 0 0 1 0 0 0 2 0 0 0 0 0 0 0 0 0 0], 	Ex = 12.76, 	t = 3084769539078156.5000 msec, 	Position = 4
[0 0 0 0 0 0 1 0 0 0 2 0 0 0 0 0 0 0 0 0 0], 	Ex = 12.76, 	t = 3085370741482966.0000 msec, 	Position = 4
[0 0 0 0 0 0 1 0 0 0 2 0 0 0 0 0 0 0 0 0 0], 	Ex = 12.76, 	t = 3085971943887775.5000 msec, 	Position = 4
[0 0 0 0 0 0 1 0 0 0 2 0 0 0 0 0 0 0 0 0 0], 	Ex = 12.77, 	t = 3086573146292585.0000 msec, 	Position = 4
[0 0 0 0 0 0 1 0 0 0 2 0 0 0 0 0 0 0 0 0 0], 	Ex = 12.77, 	t = 3087174348697395.0000 msec, 	Position = 4
[0 0 0 0 0 0 1 0 0 0 2 0 0 0 0 0 0 0 0 0 0], 	Ex = 12.77, 	t = 3087775551102204.5000 msec, 	Position = 4
[0 0 0 0 0 0 1 0 0 0 2 0 0 0 0 0 0 0 0 0 0], 	Ex = 12.77, 	t = 3088376753507014.0000 msec, 	Position = 4
[0 0 0 0 0 0 1 0 0 0 2 0 0 0 0 0 0 0 0 0 0], 	Ex = 12.77, 	t = 3088977955911823.5000 msec, 	Position = 4
[0 0 0 0 0 0 1 0 0 0 2 0 0 0 0 0 0 0 0 0 0], 	Ex = 12.78, 	t = 3089579158316633.5000 msec, 	Position = 4
[0 0 0 0 0 0 1 0 0 0 2 0 0 0 0 0 0 0 0 0 0], 	Ex = 12.78, 	t = 3090180360721443.0000 msec, 	Position = 4
[0 0 0 0 0 0 1 0 0 0 2 0 0 0 0 0 0 0 0 0 0], 	Ex = 12.78, 	t = 3090781563126252.5000 msec, 	Position = 4
[0 0 0 0 0 0 1 0 0 0 2 0 0 0 0 0 0 0 0 0 0], 	Ex = 12.78, 	t = 3091382765531062.0000 msec, 	Position = 4
[0 0 0 0 0 0 1 0 0 0 2 0 0 0 0 0 0 0 0 0 0], 	Ex = 12.79, 	t = 3091983967935872.0000 msec, 	Position = 4
[0 0 0 0 0 0 1 0 0 0 2 0 0 0 0 0 0 0 0 0 0], 	Ex = 12.79, 	t = 3092585170340681.5000 msec, 	Position = 4
[0 0 0 0 0 0 1 0 0 0 2 0 0 0 0 0 0 0 0 0 0], 	Ex = 12.79, 	t = 3093186372745491.0000 msec, 	Position = 4
[0 0 0 0 0 0 1 0 0 0 2 0 0 0 0 0 0 0 0 0 0], 	Ex = 12.79, 	t = 3093787575150300.5000 msec, 	Position = 4
[0 0 0 0 0 0 1 0 0 0 2 0 0 0 0 0 0 0 0 0 0], 	Ex = 12.80, 	t = 3094388777555110.0000 msec, 	Position = 4
[0 0 0 0 0 0 1 0 0 0 2 0 0 0 0 0 0 0 0 0 0], 	Ex = 12.80, 	t = 3094989979959920.0000 msec, 	Position = 4
[0 0 0 0 0 0 1 0 0 0 2 0 0 0 0 0 0 0 0 0 0], 	Ex = 12.80, 	t = 3095591182364729.5000 msec, 	Position = 4
[0 0 0 0 0 0 1 0 0 0 2 0 0 0 0 0 0 0 0 0 0], 	Ex = 12.80, 	t = 3096192384769539.0000 msec, 	Position = 4
[0 0 0 0 0 0 1 0 0 0 2 0 0 0 0 0 0 0 0 0 0], 	Ex = 12.81, 	t = 3096793587174348.5000 msec, 	Position = 4
[0 0 0 0 0 0 1 0 0 0 2 0 0 0 0 0 0 0 0 0 0], 	Ex = 12.81, 	t = 3097394789579158.5000 msec, 	Position = 4
[0 0 0 0 0 0 1 0 0 0 2 0 0 0 0 0 0 0 0 0 0], 	Ex = 12.81, 	t = 3097995991983968.0000 msec, 	Position = 4
[0 0 0 0 0 0 1 0 0 0 2 0 0 0 0 0 0 0 0 0 0], 	Ex = 12.81, 	t = 3098597194388777.5000 msec, 	Position = 4
[0 0 0 0 0 0 1 0 0 0 2 0 0 0 0 0 0 0 0 0 0], 	Ex = 12.82, 	t = 3099198396793587.0000 msec, 	Position = 4
[0 0 0 0 0 0 1 0 0 0 2 0 0 0 0 0 0 0 0 0 0], 	Ex = 12.82, 	t = 3099799599198397.0000 msec, 	Position = 4
[0 0 0 0 0 0 1 0 0 0 2 0 0 0 0 0 0 0 0 0 0], 	Ex = 12.82, 	t = 3100400801603206.5000 msec, 	Position = 4
[0 0 0 0 0 0 1 0 0 0 2 0 0 0 0 0 0 0 0 0 0], 	Ex = 12.82, 	t = 3101002004008016.0000 msec, 	Position = 4
[0 0 0 0 0 0 1 0 0 0 2 0 0 0 0 0 0 0 0 0 0], 	Ex = 12.83, 	t = 3101603206412825.5000 msec, 	Position = 4
[0 0 0 0 0 0 1 0 0 0 2 0 0 0 0 0 0 0 0 0 0], 	Ex = 12.83, 	t = 3102204408817635.5000 msec, 	Position = 4
[0 0 0 0 0 0 1 0 0 0 2 0 0 0 0 0 0 0 0 0 0], 	Ex = 12.83, 	t = 3102805611222445.0000 msec, 	Position = 4
[0 0 0 0 0 0 1 0 0 0 2 0 0 0 0 0 0 0 0 0 0], 	Ex = 12.83, 	t = 3103406813627254.5000 msec, 	Position = 4
[0 0 0 0 0 0 1 0 0 0 2 0 0 0 0 0 0 0 0 0 0], 	Ex = 12.84, 	t = 3104008016032064.0000 msec, 	Position = 4
[0 0 0 0 0 0 1 0 0 0 2 0 0 0 0 0 0 0 0 0 0], 	Ex = 12.84, 	t = 3104609218436874.0000 msec, 	Position = 4
[0 0 0 0 0 0 1 0 0 0 2 0 0 0 0 0 0 0 0 0 0], 	Ex = 12.84, 	t = 3105210420841683.5000 msec, 	Position = 4
[0 0 0 0 0 0 1 0 0 0 2 0 0 0 0 0 0 0 0 0 0], 	Ex = 12.84, 	t = 3105811623246493.0000 msec, 	Position = 4
[0 0 0 0 0 0 1 0 0 0 2 0 0 0 0 0 0 0 0 0 0], 	Ex = 12.85, 	t = 3106412825651302.5000 msec, 	Position = 4
[0 0 0 0 0 0 1 0 0 0 2 0 0 0 0 0 0 0 0 0 0], 	Ex = 12.85, 	t = 3107014028056112.0000 msec, 	Position = 4
[0 0 0 0 0 0 1 0 0 0 2 0 0 0 0 0 0 0 0 0 0], 	Ex = 12.85, 	t = 3107615230460922.0000 msec, 	Position = 4
[0 0 0 0 0 0 1 0 0 0 2 0 0 0 0 0 0 0 0 0 0], 	Ex = 12.85, 	t = 3108216432865731.5000 msec, 	Position = 4
[0 0 0 0 0 0 1 0 0 0 2 0 0 0 0 0 0 0 0 0 0], 	Ex = 12.86, 	t = 3108817635270541.0000 msec, 	Position = 4
[0 0 0 0 0 0 1 0 0 0 2 0 0 0 0 0 0 0 0 0 0], 	Ex = 12.86, 	t = 3109418837675350.5000 msec, 	Position = 4
[0 0 0 0 0 0 1 0 0 0 2 0 0 0 0 0 0 0 0 0 0], 	Ex = 12.86, 	t = 3110020040080160.5000 msec, 	Position = 4
[0 0 0 0 0 0 1 0 0 0 2 0 0 0 0 0 0 0 0 0 0], 	Ex = 12.86, 	t = 3110621242484970.0000 msec, 	Position = 4
[0 0 0 0 0 0 1 0 0 0 2 0 0 0 0 0 0 0 0 0 0], 	Ex = 12.87, 	t = 3111222444889779.5000 msec, 	Position = 4
[0 0 0 0 0 0 1 0 0 0 2 0 0 0 0 0 0 0 0 0 0], 	Ex = 12.87, 	t = 3111823647294589.0000 msec, 	Position = 4
[0 0 0 0 0 0 1 0 0 0 2 0 0 0 0 0 0 0 0 0 0], 	Ex = 12.87, 	t = 3112424849699399.0000 msec, 	Position = 4
[0 0 0 0 0 0 1 0 0 0 2 0 0 0 0 0 0 0 0 0 0], 	Ex = 12.87, 	t = 3113026052104208.5000 msec, 	Position = 4
[0 0 0 0 0 0 1 0 0 0 2 0 0 0 0 0 0 0 0 0 0], 	Ex = 12.88, 	t = 3113627254509018.0000 msec, 	Position = 4
[0 0 0 0 0 0 1 0 0 0 2 0 0 0 0 0 0 0 0 0 0], 	Ex = 12.88, 	t = 3114228456913827.5000 msec, 	Position = 4
[0 0 0 0 0 0 1 0 0 0 2 0 0 0 0 0 0 0 0 0 0], 	Ex = 12.88, 	t = 3114829659318637.5000 msec, 	Position = 4
[0 0 0 0 0 0 1 0 0 0 2 0 0 0 0 0 0 0 0 0 0], 	Ex = 12.88, 	t = 3115430861723447.0000 msec, 	Position = 4
[0 0 0 0 0 0 1 0 0 0 2 0 0 0 0 0 0 0 0 0 0], 	Ex = 12.89, 	t = 3116032064128256.5000 msec, 	Position = 4
[0 0 0 0 0 0 1 0 0 0 2 0 0 0 0 0 0 0 0 0 0], 	Ex = 12.89, 	t = 3116633266533066.0000 msec, 	Position = 4
[0 0 0 0 0 0 1 0 0 0 2 0 0 0 0 0 0 0 0 0 0], 	Ex = 12.89, 	t = 3117234468937876.0000 msec, 	Position = 4
[0 0 0 0 0 0 1 0 0 0 2 0 0 0 0 0 0 0 0 0 0], 	Ex = 12.89, 	t = 3117835671342685.5000 msec, 	Position = 4
[0 0 0 0 0 0 1 0 0 0 2 0 0 0 0 0 0 0 0 0 0], 	Ex = 12.90, 	t = 3118436873747495.0000 msec, 	Position = 4
[0 0 0 0 0 0 1 0 0 0 2 0 0 0 0 0 0 0 0 0 0], 	Ex = 12.90, 	t = 3119038076152304.5000 msec, 	Position = 4
[0 0 0 0 0 0 1 0 0 0 2 0 0 0 0 0 0 0 0 0 0], 	Ex = 12.90, 	t = 3119639278557114.0000 msec, 	Position = 4
[0 0 0 0 0 0 1 0 0 0 2 0 0 0 0 0 0 0 0 0 0], 	Ex = 12.90, 	t = 3120240480961924.0000 msec, 	Position = 4
[0 0 0 0 0 0 1 0 0 0 2 0 0 0 0 0 0 0 0 0 0], 	Ex = 12.91, 	t = 3120841683366733.5000 msec, 	Position = 4
[0 0 0 0 0 0 1 0 0 0 2 0 0 0 0 0 0 0 0 0 0], 	Ex = 12.91, 	t = 3121442885771543.0000 msec, 	Position = 4
[0 0 0 0 0 0 1 0 0 0 2 0 0 0 0 0 0 0 0 0 0], 	Ex = 12.91, 	t = 3122044088176352.5000 msec, 	Position = 4
[0 0 0 0 0 0 1 0 0 0 2 0 0 0 0 0 0 0 0 0 0], 	Ex = 12.91, 	t = 3122645290581162.5000 msec, 	Position = 4
[0 0 0 0 0 0 1 0 0 0 2 0 0 0 0 0 0 0 0 0 0], 	Ex = 12.92, 	t = 3123246492985972.0000 msec, 	Position = 4
[0 0 0 0 0 0 1 0 0 0 2 0 0 0 0 0 0 0 0 0 0], 	Ex = 12.92, 	t = 3123847695390781.5000 msec, 	Position = 4
[0 0 0 0 0 0 1 0 0 0 2 0 0 0 0 0 0 0 0 0 0], 	Ex = 12.92, 	t = 3124448897795591.0000 msec, 	Position = 4
[0 0 0 0 0 0 1 0 0 0 2 0 0 0 0 0 0 0 0 0 0], 	Ex = 12.92, 	t = 3125050100200401.0000 msec, 	Position = 4
[0 0 0 0 0 0 1 0 0 0 2 0 0 0 0 0 0 0 0 0 0], 	Ex = 12.93, 	t = 3125651302605210.5000 msec, 	Position = 4
[0 0 0 0 0 0 1 0 0 0 2 0 0 0 0 0 0 0 0 0 0], 	Ex = 12.93, 	t = 3126252505010020.0000 msec, 	Position = 4
[0 0 0 0 0 0 1 0 0 0 2 0 0 0 0 0 0 0 0 0 0], 	Ex = 12.93, 	t = 3126853707414829.5000 msec, 	Position = 4
[0 0 0 0 0 0 1 0 0 0 2 0 0 0 0 0 0 0 0 0 0], 	Ex = 12.93, 	t = 3127454909819639.5000 msec, 	Position = 4
[0 0 0 0 0 0 1 0 0 0 2 0 0 0 0 0 0 0 0 0 0], 	Ex = 12.94, 	t = 3128056112224449.0000 msec, 	Position = 4
[0 0 0 0 0 0 1 0 0 0 2 0 0 0 0 0 0 0 0 0 0], 	Ex = 12.94, 	t = 3128657314629258.5000 msec, 	Position = 4
[0 0 0 0 0 0 1 0 0 0 2 0 0 0 0 0 0 0 0 0 0], 	Ex = 12.94, 	t = 3129258517034068.0000 msec, 	Position = 4
[0 0 0 0 0 0 1 0 0 0 2 0 0 0 0 0 0 0 0 0 0], 	Ex = 12.94, 	t = 3129859719438878.0000 msec, 	Position = 4
[0 0 0 0 0 0 1 0 0 0 2 0 0 0 0 0 0 0 0 0 0], 	Ex = 12.95, 	t = 3130460921843687.5000 msec, 	Position = 4
[0 0 0 0 0 0 1 0 0 0 2 0 0 0 0 0 0 0 0 0 0], 	Ex = 12.95, 	t = 3131062124248497.0000 msec, 	Position = 4
[0 0 0 0 0 0 1 0 0 0 2 0 0 0 0 0 0 0 0 0 0], 	Ex = 12.95, 	t = 3131663326653306.5000 msec, 	Position = 4
[0 0 0 0 0 0 1 0 0 0 2 0 0 0 0 0 0 0 0 0 0], 	Ex = 12.95, 	t = 3132264529058116.0000 msec, 	Position = 4
[0 0 0 0 0 0 1 0 0 0 2 0 0 0 0 0 0 0 0 0 0], 	Ex = 12.96, 	t = 3132865731462926.0000 msec, 	Position = 4
[0 0 0 0 0 0 1 0 0 0 2 0 0 0 0 0 0 0 0 0 0], 	Ex = 12.96, 	t = 3133466933867735.5000 msec, 	Position = 4
[0 0 0 0 0 0 1 0 0 0 2 0 0 0 0 0 0 0 0 0 0], 	Ex = 12.96, 	t = 3134068136272545.0000 msec, 	Position = 4
[0 0 0 0 0 0 1 0 0 0 2 0 0 0 0 0 0 0 0 0 0], 	Ex = 12.96, 	t = 3134669338677354.5000 msec, 	Position = 4
[0 0 0 0 0 0 1 0 0 0 2 0 0 0 0 0 0 0 0 0 0], 	Ex = 12.97, 	t = 3135270541082164.5000 msec, 	Position = 4
[0 0 0 0 0 0 1 0 0 0 2 0 0 0 0 0 0 0 0 0 0], 	Ex = 12.97, 	t = 3135871743486974.0000 msec, 	Position = 4
[0 0 0 0 0 0 1 0 0 0 2 0 0 0 0 0 0 0 0 0 0], 	Ex = 12.97, 	t = 3136472945891783.5000 msec, 	Position = 4
[0 0 0 0 0 0 1 0 0 0 2 0 0 0 0 0 0 0 0 0 0], 	Ex = 12.97, 	t = 3137074148296593.0000 msec, 	Position = 4
[0 0 0 0 0 0 1 0 0 0 2 0 0 0 0 0 0 0 0 0 0], 	Ex = 12.98, 	t = 3137675350701403.0000 msec, 	Position = 4
[0 0 0 0 0 0 1 0 0 0 2 0 0 0 0 0 0 0 0 0 0], 	Ex = 12.98, 	t = 3138276553106212.5000 msec, 	Position = 4
[0 0 0 0 0 0 1 0 0 0 2 0 0 0 0 0 0 0 0 0 0], 	Ex = 12.98, 	t = 3138877755511022.0000 msec, 	Position = 4
[0 0 0 0 0 0 1 0 0 0 2 0 0 0 0 0 0 0 0 0 0], 	Ex = 12.98, 	t = 3139478957915831.5000 msec, 	Position = 4
[0 0 0 0 0 0 1 0 0 0 2 0 0 0 0 0 0 0 0 0 0], 	Ex = 12.99, 	t = 3140080160320641.5000 msec, 	Position = 4
[0 0 0 0 0 0 1 0 0 0 2 0 0 0 0 0 0 0 0 0 0], 	Ex = 12.99, 	t = 3140681362725451.0000 msec, 	Position = 4
[0 0 0 0 0 0 1 0 0 0 2 0 0 0 0 0 0 0 0 0 0], 	Ex = 12.99, 	t = 3141282565130260.5000 msec, 	Position = 4
[0 0 0 0 0 0 1 0 0 0 2 0 0 0 0 0 0 0 0 0 0], 	Ex = 12.99, 	t = 3141883767535070.0000 msec, 	Position = 4
[0 0 0 0 0 0 1 0 0 0 2 0 0 0 0 0 0 0 0 0 0], 	Ex = 13.00, 	t = 3142484969939880.0000 msec, 	Position = 4
[0 0 0 0 0 0 1 0 0 0 2 0 0 0 0 0 0 0 0 0 0], 	Ex = 13.00, 	t = 3143086172344689.5000 msec, 	Position = 4
[0 0 0 0 0 0 1 0 0 0 2 0 0 0 0 0 0 0 0 0 0], 	Ex = 13.00, 	t = 3143687374749499.0000 msec, 	Position = 4
[0 0 0 0 0 0 1 0 0 0 2 0 0 0 0 0 0 0 0 0 0], 	Ex = 13.00, 	t = 3144288577154308.5000 msec, 	Position = 4
[0 0 0 0 0 0 1 0 0 0 2 0 0 0 0 0 0 0 0 0 0], 	Ex = 13.01, 	t = 3144889779559118.0000 msec, 	Position = 4
[0 0 0 0 0 0 1 0 0 0 2 0 0 0 0 0 0 0 0 0 0], 	Ex = 13.01, 	t = 3145490981963928.0000 msec, 	Position = 4
[0 0 0 0 0 0 1 0 0 0 2 0 0 0 0 0 0 0 0 0 0], 	Ex = 13.01, 	t = 3146092184368737.5000 msec, 	Position = 4
[0 0 0 0 0 0 1 0 0 0 2 0 0 0 0 0 0 0 0 0 0], 	Ex = 13.01, 	t = 3146693386773547.0000 msec, 	Position = 4
[0 0 0 0 0 0 1 0 0 0 2 0 0 0 0 0 0 0 0 0 0], 	Ex = 13.02, 	t = 3147294589178356.5000 msec, 	Position = 4
[0 0 0 0 0 0 1 0 0 0 2 0 0 0 0 0 0 0 0 0 0], 	Ex = 13.02, 	t = 3147895791583166.5000 msec, 	Position = 4
[0 0 0 0 0 0 1 0 0 0 2 0 0 0 0 0 0 0 0 0 0], 	Ex = 13.02, 	t = 3148496993987976.0000 msec, 	Position = 4
[0 0 0 0 0 0 1 0 0 0 2 0 0 0 0 0 0 0 0 0 0], 	Ex = 13.02, 	t = 3149098196392785.5000 msec, 	Position = 4
[0 0 0 0 0 0 1 0 0 0 2 0 0 0 0 0 0 0 0 0 0], 	Ex = 13.03, 	t = 3149699398797595.0000 msec, 	Position = 4
[0 0 0 0 0 0 1 0 0 0 2 0 0 0 0 0 0 0 0 0 0], 	Ex = 13.03, 	t = 3150300601202405.0000 msec, 	Position = 4
[0 0 0 0 0 0 1 0 0 0 2 0 0 0 0 0 0 0 0 0 0], 	Ex = 13.03, 	t = 3150901803607214.5000 msec, 	Position = 4
[0 0 0 0 0 0 1 0 0 0 2 0 0 0 0 0 0 0 0 0 0], 	Ex = 13.03, 	t = 3151503006012024.0000 msec, 	Position = 4
[0 0 0 0 0 0 1 0 0 0 2 0 0 0 0 0 0 0 0 0 0], 	Ex = 13.04, 	t = 3152104208416833.5000 msec, 	Position = 4
[0 0 0 0 0 0 1 0 0 0 2 0 0 0 0 0 0 0 0 0 0], 	Ex = 13.04, 	t = 3152705410821643.5000 msec, 	Position = 4
[0 0 0 0 0 0 1 0 0 0 2 0 0 0 0 0 0 0 0 0 0], 	Ex = 13.04, 	t = 3153306613226453.0000 msec, 	Position = 4
[0 0 0 0 0 0 1 0 0 0 2 0 0 0 0 0 0 0 0 0 0], 	Ex = 13.04, 	t = 3153907815631262.5000 msec, 	Position = 4
[0 0 0 0 0 0 1 0 0 0 2 0 0 0 0 0 0 0 0 0 0], 	Ex = 13.05, 	t = 3154509018036072.0000 msec, 	Position = 4
[0 0 0 0 0 0 1 0 0 0 2 0 0 0 0 0 0 0 0 0 0], 	Ex = 13.05, 	t = 3155110220440882.0000 msec, 	Position = 4
[0 0 0 0 0 0 1 0 0 0 2 0 0 0 0 0 0 0 0 0 0], 	Ex = 13.05, 	t = 3155711422845691.5000 msec, 	Position = 4
[0 0 0 0 0 0 1 0 0 0 2 0 0 0 0 0 0 0 0 0 0], 	Ex = 13.05, 	t = 3156312625250501.0000 msec, 	Position = 4
[0 0 0 0 0 0 1 0 0 0 2 0 0 0 0 0 0 0 0 0 0], 	Ex = 13.06, 	t = 3156913827655310.5000 msec, 	Position = 4
[0 0 0 0 0 1 0 0 0 0 2 0 0 0 0 0 0 0 0 0 0], 	Ex = 13.06, 	t = 3157515030060120.0000 msec, 	Position = 5
[0 0 0 0 0 1 0 0 0 0 2 0 0 0 0 0 0 0 0 0 0], 	Ex = 13.06, 	t = 3158116232464930.0000 msec, 	Position = 5
[0 0 0 0 0 1 0 0 0 0 2 0 0 0 0 0 0 0 0 0 0], 	Ex = 13.06, 	t = 3158717434869739.5000 msec, 	Position = 5
[0 0 0 0 0 1 0 0 0 0 2 0 0 0 0 0 0 0 0 0 0], 	Ex = 13.07, 	t = 3159318637274549.0000 msec, 	Position = 5
[0 0 0 0 0 1 0 0 0 0 2 0 0 0 0 0 0 0 0 0 0], 	Ex = 13.07, 	t = 3159919839679358.5000 msec, 	Position = 5
[0 0 0 0 0 1 0 0 0 0 2 0 0 0 0 0 0 0 0 0 0], 	Ex = 13.07, 	t = 3160521042084168.5000 msec, 	Position = 5
[0 0 0 0 0 1 0 0 0 0 2 0 0 0 0 0 0 0 0 0 0], 	Ex = 13.07, 	t = 3161122244488978.0000 msec, 	Position = 5
[0 0 0 0 0 1 0 0 0 0 2 0 0 0 0 0 0 0 0 0 0], 	Ex = 13.08, 	t = 3161723446893787.5000 msec, 	Position = 5
[0 0 0 0 0 1 0 0 0 0 2 0 0 0 0 0 0 0 0 0 0], 	Ex = 13.08, 	t = 3162324649298597.0000 msec, 	Position = 5
[0 0 0 0 0 1 0 0 0 0 2 0 0 0 0 0 0 0 0 0 0], 	Ex = 13.08, 	t = 3162925851703407.0000 msec, 	Position = 5
[0 0 0 0 0 1 0 0 0 0 2 0 0 0 0 0 0 0 0 0 0], 	Ex = 13.08, 	t = 3163527054108216.5000 msec, 	Position = 5
[0 0 0 0 0 1 0 0 0 0 2 0 0 0 0 0 0 0 0 0 0], 	Ex = 13.09, 	t = 3164128256513026.0000 msec, 	Position = 5
[0 0 0 0 0 1 0 0 0 0 2 0 0 0 0 0 0 0 0 0 0], 	Ex = 13.09, 	t = 3164729458917835.5000 msec, 	Position = 5
[0 0 0 0 0 1 0 0 0 0 2 0 0 0 0 0 0 0 0 0 0], 	Ex = 13.09, 	t = 3165330661322645.5000 msec, 	Position = 5
[0 0 0 0 0 1 0 0 0 0 2 0 0 0 0 0 0 0 0 0 0], 	Ex = 13.09, 	t = 3165931863727455.0000 msec, 	Position = 5
[0 0 0 0 0 1 0 0 0 0 2 0 0 0 0 0 0 0 0 0 0], 	Ex = 13.10, 	t = 3166533066132264.5000 msec, 	Position = 5
[0 0 0 0 0 1 0 0 0 0 2 0 0 0 0 0 0 0 0 0 0], 	Ex = 13.10, 	t = 3167134268537074.0000 msec, 	Position = 5
[0 0 0 0 0 1 0 0 0 0 2 0 0 0 0 0 0 0 0 0 0], 	Ex = 13.10, 	t = 3167735470941884.0000 msec, 	Position = 5
[0 0 0 0 0 1 0 0 0 0 2 0 0 0 0 0 0 0 0 0 0], 	Ex = 13.10, 	t = 3168336673346693.5000 msec, 	Position = 5
[0 0 0 0 0 1 0 0 0 0 2 0 0 0 0 0 0 0 0 0 0], 	Ex = 13.11, 	t = 3168937875751503.0000 msec, 	Position = 5
[0 0 0 0 0 1 0 0 0 0 2 0 0 0 0 0 0 0 0 0 0], 	Ex = 13.11, 	t = 3169539078156312.5000 msec, 	Position = 5
[0 0 0 0 0 1 0 0 0 0 2 0 0 0 0 0 0 0 0 0 0], 	Ex = 13.11, 	t = 3170140280561122.0000 msec, 	Position = 5
[0 0 0 0 0 1 0 0 0 0 2 0 0 0 0 0 0 0 0 0 0], 	Ex = 13.11, 	t = 3170741482965932.0000 msec, 	Position = 5
[0 0 0 0 0 1 0 0 0 0 2 0 0 0 0 0 0 0 0 0 0], 	Ex = 13.12, 	t = 3171342685370741.5000 msec, 	Position = 5
[0 0 0 0 0 1 0 0 0 0 2 0 0 0 0 0 0 0 0 0 0], 	Ex = 13.12, 	t = 3171943887775551.0000 msec, 	Position = 5
[0 0 0 0 0 1 0 0 0 0 2 0 0 0 0 0 0 0 0 0 0], 	Ex = 13.12, 	t = 3172545090180360.5000 msec, 	Position = 5
[0 0 0 0 0 1 0 0 0 0 2 0 0 0 0 0 0 0 0 0 0], 	Ex = 13.12, 	t = 3173146292585170.5000 msec, 	Position = 5
[0 0 0 0 0 1 0 0 0 0 2 0 0 0 0 0 0 0 0 0 0], 	Ex = 13.13, 	t = 3173747494989980.0000 msec, 	Position = 5
[0 0 0 0 0 1 0 0 0 0 2 0 0 0 0 0 0 0 0 0 0], 	Ex = 13.13, 	t = 3174348697394789.5000 msec, 	Position = 5
[0 0 0 0 0 1 0 0 0 0 2 0 0 0 0 0 0 0 0 0 0], 	Ex = 13.13, 	t = 3174949899799599.0000 msec, 	Position = 5
[0 0 0 0 0 1 0 0 0 0 2 0 0 0 0 0 0 0 0 0 0], 	Ex = 13.13, 	t = 3175551102204409.0000 msec, 	Position = 5
[0 0 0 0 0 1 0 0 0 0 2 0 0 0 0 0 0 0 0 0 0], 	Ex = 13.14, 	t = 3176152304609218.5000 msec, 	Position = 5
[0 0 0 0 0 1 0 0 0 0 2 0 0 0 0 0 0 0 0 0 0], 	Ex = 13.14, 	t = 3176753507014028.0000 msec, 	Position = 5
[0 0 0 0 0 1 0 0 0 0 2 0 0 0 0 0 0 0 0 0 0], 	Ex = 13.14, 	t = 3177354709418837.5000 msec, 	Position = 5
[0 0 0 0 0 1 0 0 0 0 2 0 0 0 0 0 0 0 0 0 0], 	Ex = 13.14, 	t = 3177955911823647.5000 msec, 	Position = 5
[0 0 0 0 0 1 0 0 0 0 2 0 0 0 0 0 0 0 0 0 0], 	Ex = 13.15, 	t = 3178557114228457.0000 msec, 	Position = 5
[0 0 0 0 0 1 0 0 0 0 2 0 0 0 0 0 0 0 0 0 0], 	Ex = 13.15, 	t = 3179158316633266.5000 msec, 	Position = 5
[0 0 0 0 0 1 0 0 0 0 2 0 0 0 0 0 0 0 0 0 0], 	Ex = 13.15, 	t = 3179759519038076.0000 msec, 	Position = 5
[0 0 0 0 0 1 0 0 0 0 2 0 0 0 0 0 0 0 0 0 0], 	Ex = 13.15, 	t = 3180360721442886.0000 msec, 	Position = 5
[0 0 0 0 0 1 0 0 0 0 2 0 0 0 0 0 0 0 0 0 0], 	Ex = 13.16, 	t = 3180961923847695.5000 msec, 	Position = 5
[0 0 0 0 0 1 0 0 0 0 2 0 0 0 0 0 0 0 0 0 0], 	Ex = 13.16, 	t = 3181563126252505.0000 msec, 	Position = 5
[0 0 0 0 0 1 0 0 0 0 2 0 0 0 0 0 0 0 0 0 0], 	Ex = 13.16, 	t = 3182164328657314.5000 msec, 	Position = 5
[0 0 0 0 0 1 0 0 0 0 2 0 0 0 0 0 0 0 0 0 0], 	Ex = 13.16, 	t = 3182765531062124.0000 msec, 	Position = 5
[0 0 0 0 0 1 0 0 0 0 2 0 0 0 0 0 0 0 0 0 0], 	Ex = 13.17, 	t = 3183366733466934.0000 msec, 	Position = 5
[0 0 0 0 0 1 0 0 0 0 2 0 0 0 0 0 0 0 0 0 0], 	Ex = 13.17, 	t = 3183967935871743.5000 msec, 	Position = 5
[0 0 0 0 0 1 0 0 0 0 2 0 0 0 0 0 0 0 0 0 0], 	Ex = 13.17, 	t = 3184569138276553.0000 msec, 	Position = 5
[0 0 0 0 0 1 0 0 0 0 2 0 0 0 0 0 0 0 0 0 0], 	Ex = 13.17, 	t = 3185170340681362.5000 msec, 	Position = 5
[0 0 0 0 0 1 0 0 0 0 2 0 0 0 0 0 0 0 0 0 0], 	Ex = 13.18, 	t = 3185771543086172.5000 msec, 	Position = 5
[0 0 0 0 0 1 0 0 0 0 2 0 0 0 0 0 0 0 0 0 0], 	Ex = 13.18, 	t = 3186372745490982.0000 msec, 	Position = 5
[0 0 0 0 0 1 0 0 0 0 2 0 0 0 0 0 0 0 0 0 0], 	Ex = 13.18, 	t = 3186973947895791.5000 msec, 	Position = 5
[0 0 0 0 0 1 0 0 0 0 2 0 0 0 0 0 0 0 0 0 0], 	Ex = 13.18, 	t = 3187575150300601.0000 msec, 	Position = 5
[0 0 0 0 0 1 0 0 0 0 2 0 0 0 0 0 0 0 0 0 0], 	Ex = 13.19, 	t = 3188176352705411.0000 msec, 	Position = 5
[0 0 0 0 0 1 0 0 0 0 2 0 0 0 0 0 0 0 0 0 0], 	Ex = 13.19, 	t = 3188777555110220.5000 msec, 	Position = 5
[0 0 0 0 0 1 0 0 0 0 2 0 0 0 0 0 0 0 0 0 0], 	Ex = 13.19, 	t = 3189378757515030.0000 msec, 	Position = 5
[0 0 0 0 0 1 0 0 0 0 2 0 0 0 0 0 0 0 0 0 0], 	Ex = 13.19, 	t = 3189979959919839.5000 msec, 	Position = 5
[0 0 0 0 0 1 0 0 0 0 2 0 0 0 0 0 0 0 0 0 0], 	Ex = 13.20, 	t = 3190581162324649.5000 msec, 	Position = 5
[0 0 0 0 0 1 0 0 0 0 2 0 0 0 0 0 0 0 0 0 0], 	Ex = 13.20, 	t = 3191182364729459.0000 msec, 	Position = 5
[0 0 0 0 0 1 0 0 0 0 2 0 0 0 0 0 0 0 0 0 0], 	Ex = 13.20, 	t = 3191783567134268.5000 msec, 	Position = 5
[0 0 0 0 0 1 0 0 0 0 2 0 0 0 0 0 0 0 0 0 0], 	Ex = 13.20, 	t = 3192384769539078.0000 msec, 	Position = 5
[0 0 0 0 0 1 0 0 0 0 2 0 0 0 0 0 0 0 0 0 0], 	Ex = 13.21, 	t = 3192985971943888.0000 msec, 	Position = 5
[0 0 0 0 0 1 0 0 0 0 2 0 0 0 0 0 0 0 0 0 0], 	Ex = 13.21, 	t = 3193587174348697.5000 msec, 	Position = 5
[0 0 0 0 0 1 0 0 0 0 2 0 0 0 0 0 0 0 0 0 0], 	Ex = 13.21, 	t = 3194188376753507.0000 msec, 	Position = 5
[0 0 0 0 0 1 0 0 0 0 2 0 0 0 0 0 0 0 0 0 0], 	Ex = 13.21, 	t = 3194789579158316.5000 msec, 	Position = 5
[0 0 0 0 0 1 0 0 0 0 2 0 0 0 0 0 0 0 0 0 0], 	Ex = 13.22, 	t = 3195390781563126.0000 msec, 	Position = 5
[0 0 0 0 0 1 0 0 0 0 2 0 0 0 0 0 0 0 0 0 0], 	Ex = 13.22, 	t = 3195991983967936.0000 msec, 	Position = 5
[0 0 0 0 0 1 0 0 0 0 2 0 0 0 0 0 0 0 0 0 0], 	Ex = 13.22, 	t = 3196593186372745.5000 msec, 	Position = 5
[0 0 0 0 1 0 0 0 0 0 2 0 0 0 0 0 0 0 0 0 0], 	Ex = 13.22, 	t = 3197194388777555.0000 msec, 	Position = 6
[0 0 0 0 1 0 0 0 0 0 2 0 0 0 0 0 0 0 0 0 0], 	Ex = 13.23, 	t = 3197795591182365.0000 msec, 	Position = 6
[0 0 0 0 1 0 0 0 0 0 2 0 0 0 0 0 0 0 0 0 0], 	Ex = 13.23, 	t = 3198396793587174.5000 msec, 	Position = 6
[0 0 0 0 1 0 0 0 0 0 2 0 0 0 0 0 0 0 0 0 0], 	Ex = 13.23, 	t = 3198997995991984.0000 msec, 	Position = 6
[0 0 0 0 1 0 0 0 0 0 2 0 0 0 0 0 0 0 0 0 0], 	Ex = 13.23, 	t = 3199599198396793.5000 msec, 	Position = 6
[0 0 0 0 1 0 0 0 0 0 2 0 0 0 0 0 0 0 0 0 0], 	Ex = 13.23, 	t = 3200200400801603.0000 msec, 	Position = 6
[0 0 0 0 1 0 0 0 0 0 2 0 0 0 0 0 0 0 0 0 0], 	Ex = 13.24, 	t = 3200801603206413.0000 msec, 	Position = 6
[0 0 0 0 1 0 0 0 0 0 2 0 0 0 0 0 0 0 0 0 0], 	Ex = 13.24, 	t = 3201402805611222.5000 msec, 	Position = 6
[0 0 0 0 1 0 0 0 0 0 2 0 0 0 0 0 0 0 0 0 0], 	Ex = 13.24, 	t = 3202004008016032.0000 msec, 	Position = 6
[0 0 0 0 1 0 0 0 0 0 2 0 0 0 0 0 0 0 0 0 0], 	Ex = 13.24, 	t = 3202605210420841.5000 msec, 	Position = 6
[0 0 0 0 1 0 0 0 0 0 2 0 0 0 0 0 0 0 0 0 0], 	Ex = 13.25, 	t = 3203206412825651.5000 msec, 	Position = 6
[0 0 0 0 1 0 0 0 0 0 2 0 0 0 0 0 0 0 0 0 0], 	Ex = 13.25, 	t = 3203807615230461.0000 msec, 	Position = 6
[0 0 0 0 1 0 0 0 0 0 2 0 0 0 0 0 0 0 0 0 0], 	Ex = 13.25, 	t = 3204408817635270.5000 msec, 	Position = 6
[0 0 0 0 1 0 0 0 0 0 2 0 0 0 0 0 0 0 0 0 0], 	Ex = 13.25, 	t = 3205010020040080.0000 msec, 	Position = 6
[0 0 0 0 1 0 0 0 0 0 2 0 0 0 0 0 0 0 0 0 0], 	Ex = 13.26, 	t = 3205611222444890.0000 msec, 	Position = 6
[0 0 0 0 1 0 0 0 0 0 2 0 0 0 0 0 0 0 0 0 0], 	Ex = 13.26, 	t = 3206212424849699.5000 msec, 	Position = 6
[0 0 0 0 1 0 0 0 0 0 2 0 0 0 0 0 0 0 0 0 0], 	Ex = 13.26, 	t = 3206813627254509.0000 msec, 	Position = 6
[0 0 0 0 1 0 0 0 0 0 2 0 0 0 0 0 0 0 0 0 0], 	Ex = 13.26, 	t = 3207414829659318.5000 msec, 	Position = 6
[0 0 0 0 1 0 0 0 0 0 2 0 0 0 0 0 0 0 0 0 0], 	Ex = 13.27, 	t = 3208016032064128.0000 msec, 	Position = 6
[0 0 0 0 1 0 0 0 0 0 2 0 0 0 0 0 0 0 0 0 0], 	Ex = 13.27, 	t = 3208617234468938.0000 msec, 	Position = 6
[0 0 0 0 1 0 0 0 0 0 2 0 0 0 0 0 0 0 0 0 0], 	Ex = 13.27, 	t = 3209218436873747.5000 msec, 	Position = 6
[0 0 0 0 1 0 0 0 0 0 2 0 0 0 0 0 0 0 0 0 0], 	Ex = 13.27, 	t = 3209819639278557.0000 msec, 	Position = 6
[0 0 0 0 1 0 0 0 0 0 2 0 0 0 0 0 0 0 0 0 0], 	Ex = 13.28, 	t = 3210420841683367.0000 msec, 	Position = 6
[0 0 0 0 1 0 0 0 0 0 2 0 0 0 0 0 0 0 0 0 0], 	Ex = 13.28, 	t = 3211022044088176.5000 msec, 	Position = 6
[0 0 0 0 1 0 0 0 0 0 2 0 0 0 0 0 0 0 0 0 0], 	Ex = 13.28, 	t = 3211623246492986.0000 msec, 	Position = 6
[0 0 0 0 1 0 0 0 0 0 2 0 0 0 0 0 0 0 0 0 0], 	Ex = 13.28, 	t = 3212224448897795.5000 msec, 	Position = 6
[0 0 0 0 1 0 0 0 0 0 2 0 0 0 0 0 0 0 0 0 0], 	Ex = 13.29, 	t = 3212825651302605.0000 msec, 	Position = 6
[0 0 0 0 1 0 0 0 0 0 2 0 0 0 0 0 0 0 0 0 0], 	Ex = 13.29, 	t = 3213426853707415.0000 msec, 	Position = 6
[0 0 0 0 1 0 0 0 0 0 2 0 0 0 0 0 0 0 0 0 0], 	Ex = 13.29, 	t = 3214028056112224.5000 msec, 	Position = 6
[0 0 0 0 1 0 0 0 0 0 2 0 0 0 0 0 0 0 0 0 0], 	Ex = 13.29, 	t = 3214629258517034.0000 msec, 	Position = 6
[0 0 0 0 1 0 0 0 0 0 2 0 0 0 0 0 0 0 0 0 0], 	Ex = 13.30, 	t = 3215230460921843.5000 msec, 	Position = 6
[0 0 0 0 1 0 0 0 0 0 2 0 0 0 0 0 0 0 0 0 0], 	Ex = 13.30, 	t = 3215831663326653.5000 msec, 	Position = 6
[0 0 0 0 1 0 0 0 0 0 2 0 0 0 0 0 0 0 0 0 0], 	Ex = 13.30, 	t = 3216432865731463.0000 msec, 	Position = 6
[0 0 0 0 1 0 0 0 0 0 2 0 0 0 0 0 0 0 0 0 0], 	Ex = 13.30, 	t = 3217034068136272.5000 msec, 	Position = 6
[0 0 0 0 1 0 0 0 0 0 2 0 0 0 0 0 0 0 0 0 0], 	Ex = 13.31, 	t = 3217635270541082.0000 msec, 	Position = 6
[0 0 0 0 1 0 0 0 0 0 2 0 0 0 0 0 0 0 0 0 0], 	Ex = 13.31, 	t = 3218236472945892.0000 msec, 	Position = 6
[0 0 0 0 1 0 0 0 0 0 2 0 0 0 0 0 0 0 0 0 0], 	Ex = 13.31, 	t = 3218837675350701.5000 msec, 	Position = 6
[0 0 0 0 1 0 0 0 0 0 2 0 0 0 0 0 0 0 0 0 0], 	Ex = 13.31, 	t = 3219438877755511.0000 msec, 	Position = 6
[0 0 0 0 1 0 0 0 0 0 2 0 0 0 0 0 0 0 0 0 0], 	Ex = 13.32, 	t = 3220040080160320.5000 msec, 	Position = 6
[0 0 0 0 1 0 0 0 0 0 2 0 0 0 0 0 0 0 0 0 0], 	Ex = 13.32, 	t = 3220641282565130.5000 msec, 	Position = 6
[0 0 0 0 1 0 0 0 0 0 2 0 0 0 0 0 0 0 0 0 0], 	Ex = 13.32, 	t = 3221242484969940.0000 msec, 	Position = 6
[0 0 0 1 0 0 0 0 0 0 2 0 0 0 0 0 0 0 0 0 0], 	Ex = 13.32, 	t = 3221843687374749.5000 msec, 	Position = 7
[0 0 0 1 0 0 0 0 0 0 2 0 0 0 0 0 0 0 0 0 0], 	Ex = 13.33, 	t = 3222444889779559.0000 msec, 	Position = 7
[0 0 0 1 0 0 0 0 0 0 2 0 0 0 0 0 0 0 0 0 0], 	Ex = 13.33, 	t = 3223046092184369.0000 msec, 	Position = 7
[0 0 0 1 0 0 0 0 0 0 2 0 0 0 0 0 0 0 0 0 0], 	Ex = 13.33, 	t = 3223647294589178.5000 msec, 	Position = 7
[0 0 0 1 0 0 0 0 0 0 2 0 0 0 0 0 0 0 0 0 0], 	Ex = 13.33, 	t = 3224248496993988.0000 msec, 	Position = 7
[0 0 0 1 0 0 0 0 0 0 2 0 0 0 0 0 0 0 0 0 0], 	Ex = 13.34, 	t = 3224849699398797.5000 msec, 	Position = 7
[0 0 0 1 0 0 0 0 0 0 2 0 0 0 0 0 0 0 0 0 0], 	Ex = 13.34, 	t = 3225450901803607.0000 msec, 	Position = 7
[0 0 0 1 0 0 0 0 0 0 2 0 0 0 0 0 0 0 0 0 0], 	Ex = 13.34, 	t = 3226052104208417.0000 msec, 	Position = 7
[0 0 0 1 0 0 0 0 0 0 2 0 0 0 0 0 0 0 0 0 0], 	Ex = 13.34, 	t = 3226653306613226.5000 msec, 	Position = 7
[0 0 0 1 0 0 0 0 0 0 2 0 0 0 0 0 0 0 0 0 0], 	Ex = 13.35, 	t = 3227254509018036.0000 msec, 	Position = 7
[0 0 0 1 0 0 0 0 0 0 2 0 0 0 0 0 0 0 0 0 0], 	Ex = 13.35, 	t = 3227855711422845.5000 msec, 	Position = 7
[0 0 0 1 0 0 0 0 0 0 2 0 0 0 0 0 0 0 0 0 0], 	Ex = 13.35, 	t = 3228456913827655.5000 msec, 	Position = 7
[0 0 0 1 0 0 0 0 0 0 2 0 0 0 0 0 0 0 0 0 0], 	Ex = 13.35, 	t = 3229058116232465.0000 msec, 	Position = 7
[0 0 0 1 0 0 0 0 0 0 2 0 0 0 0 0 0 0 0 0 0], 	Ex = 13.36, 	t = 3229659318637274.5000 msec, 	Position = 7
[0 0 0 1 0 0 0 0 0 0 2 0 0 0 0 0 0 0 0 0 0], 	Ex = 13.36, 	t = 3230260521042084.0000 msec, 	Position = 7
[0 0 0 1 0 0 0 0 0 0 2 0 0 0 0 0 0 0 0 0 0], 	Ex = 13.36, 	t = 3230861723446894.0000 msec, 	Position = 7
[0 0 0 1 0 0 0 0 0 0 2 0 0 0 0 0 0 0 0 0 0], 	Ex = 13.36, 	t = 3231462925851703.5000 msec, 	Position = 7
[0 0 0 1 0 0 0 0 0 0 2 0 0 0 0 0 0 0 0 0 0], 	Ex = 13.37, 	t = 3232064128256513.0000 msec, 	Position = 7
[0 0 0 1 0 0 0 0 0 0 2 0 0 0 0 0 0 0 0 0 0], 	Ex = 13.37, 	t = 3232665330661322.5000 msec, 	Position = 7
[0 0 0 1 0 0 0 0 0 0 2 0 0 0 0 0 0 0 0 0 0], 	Ex = 13.37, 	t = 3233266533066132.5000 msec, 	Position = 7
[0 0 0 1 0 0 0 0 0 0 2 0 0 0 0 0 0 0 0 0 0], 	Ex = 13.37, 	t = 3233867735470942.0000 msec, 	Position = 7
[0 0 0 1 0 0 0 0 0 0 2 0 0 0 0 0 0 0 0 0 0], 	Ex = 13.38, 	t = 3234468937875751.5000 msec, 	Position = 7
[0 0 0 1 0 0 0 0 0 0 2 0 0 0 0 0 0 0 0 0 0], 	Ex = 13.38, 	t = 3235070140280561.0000 msec, 	Position = 7
[0 0 0 1 0 0 0 0 0 0 2 0 0 0 0 0 0 0 0 0 0], 	Ex = 13.38, 	t = 3235671342685371.0000 msec, 	Position = 7
[0 0 0 1 0 0 0 0 0 0 2 0 0 0 0 0 0 0 0 0 0], 	Ex = 13.38, 	t = 3236272545090180.5000 msec, 	Position = 7
[0 0 0 1 0 0 0 0 0 0 2 0 0 0 0 0 0 0 0 0 0], 	Ex = 13.39, 	t = 3236873747494990.0000 msec, 	Position = 7
[0 0 1 0 0 0 0 0 0 0 2 0 0 0 0 0 0 0 0 0 0], 	Ex = 13.39, 	t = 3237474949899799.5000 msec, 	Position = 8
[0 0 1 0 0 0 0 0 0 0 2 0 0 0 0 0 0 0 0 0 0], 	Ex = 13.39, 	t = 3238076152304609.0000 msec, 	Position = 8
[0 0 1 0 0 0 0 0 0 0 2 0 0 0 0 0 0 0 0 0 0], 	Ex = 13.39, 	t = 3238677354709419.0000 msec, 	Position = 8
[0 0 1 0 0 0 0 0 0 0 2 0 0 0 0 0 0 0 0 0 0], 	Ex = 13.40, 	t = 3239278557114228.5000 msec, 	Position = 8
[0 0 1 0 0 0 0 0 0 0 2 0 0 0 0 0 0 0 0 0 0], 	Ex = 13.40, 	t = 3239879759519038.0000 msec, 	Position = 8
[0 0 1 0 0 0 0 0 0 0 2 0 0 0 0 0 0 0 0 0 0], 	Ex = 13.40, 	t = 3240480961923847.5000 msec, 	Position = 8
[0 0 1 0 0 0 0 0 0 0 2 0 0 0 0 0 0 0 0 0 0], 	Ex = 13.40, 	t = 3241082164328657.5000 msec, 	Position = 8
[0 0 1 0 0 0 0 0 0 0 2 0 0 0 0 0 0 0 0 0 0], 	Ex = 13.41, 	t = 3241683366733467.0000 msec, 	Position = 8
[0 0 1 0 0 0 0 0 0 0 2 0 0 0 0 0 0 0 0 0 0], 	Ex = 13.41, 	t = 3242284569138276.5000 msec, 	Position = 8
[0 0 1 0 0 0 0 0 0 0 2 0 0 0 0 0 0 0 0 0 0], 	Ex = 13.41, 	t = 3242885771543086.0000 msec, 	Position = 8
[0 0 1 0 0 0 0 0 0 0 2 0 0 0 0 0 0 0 0 0 0], 	Ex = 13.41, 	t = 3243486973947896.0000 msec, 	Position = 8
[0 0 1 0 0 0 0 0 0 0 2 0 0 0 0 0 0 0 0 0 0], 	Ex = 13.42, 	t = 3244088176352705.5000 msec, 	Position = 8
[0 0 1 0 0 0 0 0 0 0 2 0 0 0 0 0 0 0 0 0 0], 	Ex = 13.42, 	t = 3244689378757515.0000 msec, 	Position = 8
[0 0 1 0 0 0 0 0 0 0 2 0 0 0 0 0 0 0 0 0 0], 	Ex = 13.42, 	t = 3245290581162324.5000 msec, 	Position = 8
[0 0 1 0 0 0 0 0 0 0 2 0 0 0 0 0 0 0 0 0 0], 	Ex = 13.42, 	t = 3245891783567134.5000 msec, 	Position = 8
[0 0 1 0 0 0 0 0 0 0 2 0 0 0 0 0 0 0 0 0 0], 	Ex = 13.43, 	t = 3246492985971944.0000 msec, 	Position = 8
[0 0 1 0 0 0 0 0 0 0 2 0 0 0 0 0 0 0 0 0 0], 	Ex = 13.43, 	t = 3247094188376753.5000 msec, 	Position = 8
[0 0 1 0 0 0 0 0 0 0 2 0 0 0 0 0 0 0 0 0 0], 	Ex = 13.43, 	t = 3247695390781563.0000 msec, 	Position = 8
[0 1 0 0 0 0 0 0 0 0 2 0 0 0 0 0 0 0 0 0 0], 	Ex = 13.43, 	t = 3248296593186373.0000 msec, 	Position = 9
[0 1 0 0 0 0 0 0 0 0 2 0 0 0 0 0 0 0 0 0 0], 	Ex = 13.44, 	t = 3248897795591182.5000 msec, 	Position = 9
[0 1 0 0 0 0 0 0 0 0 2 0 0 0 0 0 0 0 0 0 0], 	Ex = 13.44, 	t = 3249498997995992.0000 msec, 	Position = 9
[0 1 0 0 0 0 0 0 0 0 2 0 0 0 0 0 0 0 0 0 0], 	Ex = 13.44, 	t = 3250100200400801.5000 msec, 	Position = 9
[0 1 0 0 0 0 0 0 0 0 2 0 0 0 0 0 0 0 0 0 0], 	Ex = 13.44, 	t = 3250701402805611.0000 msec, 	Position = 9
[0 1 0 0 0 0 0 0 0 0 2 0 0 0 0 0 0 0 0 0 0], 	Ex = 13.45, 	t = 3251302605210421.0000 msec, 	Position = 9
[0 1 0 0 0 0 0 0 0 0 2 0 0 0 0 0 0 0 0 0 0], 	Ex = 13.45, 	t = 3251903807615230.5000 msec, 	Position = 9
[0 1 0 0 0 0 0 0 0 0 2 0 0 0 0 0 0 0 0 0 0], 	Ex = 13.45, 	t = 3252505010020040.0000 msec, 	Position = 9
[0 1 0 0 0 0 0 0 0 0 2 0 0 0 0 0 0 0 0 0 0], 	Ex = 13.45, 	t = 3253106212424849.5000 msec, 	Position = 9
[0 1 0 0 0 0 0 0 0 0 2 0 0 0 0 0 0 0 0 0 0], 	Ex = 13.46, 	t = 3253707414829659.5000 msec, 	Position = 9
[0 1 0 0 0 0 0 0 0 0 2 0 0 0 0 0 0 0 0 0 0], 	Ex = 13.46, 	t = 3254308617234469.0000 msec, 	Position = 9
[0 1 0 0 0 0 0 0 0 0 2 0 0 0 0 0 0 0 0 0 0], 	Ex = 13.46, 	t = 3254909819639278.5000 msec, 	Position = 9
[0 1 0 0 0 0 0 0 0 0 2 0 0 0 0 0 0 0 0 0 0], 	Ex = 13.46, 	t = 3255511022044088.0000 msec, 	Position = 9
[1 0 0 0 0 0 0 0 0 0 2 0 0 0 0 0 0 0 0 0 0], 	Ex = 13.47, 	t = 3256112224448898.0000 msec, 	Position = 10
[1 0 0 0 0 0 0 0 0 0 2 0 0 0 0 0 0 0 0 0 0], 	Ex = 13.47, 	t = 3256713426853707.5000 msec, 	Position = 10
[1 0 0 0 0 0 0 0 0 0 2 0 0 0 0 0 0 0 0 0 0], 	Ex = 13.47, 	t = 3257314629258517.0000 msec, 	Position = 10
[1 0 0 0 0 0 0 0 0 0 2 0 0 0 0 0 0 0 0 0 0], 	Ex = 13.47, 	t = 3257915831663326.5000 msec, 	Position = 10
[1 0 0 0 0 0 0 0 0 0 2 0 0 0 0 0 0 0 0 0 0], 	Ex = 13.48, 	t = 3258517034068136.5000 msec, 	Position = 10
[1 0 0 0 0 0 0 0 0 0 2 0 0 0 0 0 0 0 0 0 0], 	Ex = 13.48, 	t = 3259118236472946.0000 msec, 	Position = 10
[1 0 0 0 0 0 0 0 0 0 2 0 0 0 0 0 0 0 0 0 0], 	Ex = 13.48, 	t = 3259719438877755.5000 msec, 	Position = 10
[1 0 0 0 0 0 0 0 0 0 2 0 0 0 0 0 0 0 0 0 0], 	Ex = 13.48, 	t = 3260320641282565.0000 msec, 	Position = 10
[1 0 0 0 0 0 0 0 0 0 2 0 0 0 0 0 0 0 0 0 0], 	Ex = 13.49, 	t = 3260921843687375.0000 msec, 	Position = 10
[0 0 0 0 0 0 0 0 0 0 2 0 0 0 0 0 0 0 0 0 1], 	Ex = 13.49, 	t = 3261523046092184.5000 msec, 	Position = 11
[0 0 0 0 0 0 0 0 0 0 2 0 0 0 0 0 0 0 0 0 1], 	Ex = 13.49, 	t = 3262124248496994.0000 msec, 	Position = 11
[0 0 0 0 0 0 0 0 0 0 2 0 0 0 0 0 0 0 0 0 1], 	Ex = 13.49, 	t = 3262725450901803.5000 msec, 	Position = 11
[0 0 0 0 0 0 0 0 0 0 2 0 0 0 0 0 0 0 0 0 1], 	Ex = 13.50, 	t = 3263326653306613.0000 msec, 	Position = 11
[0 0 0 0 0 0 0 0 0 0 2 0 0 0 0 0 0 0 0 0 1], 	Ex = 13.50, 	t = 3263927855711423.0000 msec, 	Position = 11
[0 0 0 0 0 0 0 0 0 0 2 0 0 0 0 0 0 0 0 0 1], 	Ex = 13.50, 	t = 3264529058116232.5000 msec, 	Position = 11
[0 0 0 0 0 0 0 0 0 0 2 0 0 0 0 0 0 0 0 0 1], 	Ex = 13.50, 	t = 3265130260521042.0000 msec, 	Position = 11
[0 0 0 0 0 0 0 0 0 0 2 0 0 0 0 0 0 0 0 0 1], 	Ex = 13.51, 	t = 3265731462925851.5000 msec, 	Position = 11
[0 0 0 0 0 0 0 0 0 0 2 0 0 0 0 0 0 0 0 0 0], 	Ex = 13.51, 	t = 3266332665330661.5000 msec, 	Position = Ion
[0 0 0 0 0 0 0 0 0 0 2 0 0 0 0 0 0 0 0 0 0], 	Ex = 13.51, 	t = 3266933867735471.0000 msec, 	Position = Ion
[0 0 0 0 0 0 0 0 0 0 2 0 0 0 0 0 0 0 0 0 0], 	Ex = 13.51, 	t = 3267535070140280.5000 msec, 	Position = Ion
[0 0 0 0 0 0 0 0 0 0 2 0 0 0 0 0 0 0 0 0 0], 	Ex = 13.52, 	t = 3268136272545090.0000 msec, 	Position = Ion
[0 0 0 0 0 0 0 0 0 0 2 0 0 0 0 0 0 0 0 0 0], 	Ex = 13.52, 	t = 3268737474949900.0000 msec, 	Position = Ion
[0 0 0 0 0 0 0 0 0 0 2 0 0 0 0 0 0 0 0 0 0], 	Ex = 13.52, 	t = 3269338677354709.5000 msec, 	Position = Ion
[0 0 0 0 0 0 0 0 0 0 2 0 0 0 0 0 0 0 0 0 0], 	Ex = 13.52, 	t = 3269939879759519.0000 msec, 	Position = Ion
[0 0 0 0 0 0 0 0 0 0 2 0 0 0 0 0 0 0 0 0 0], 	Ex = 13.53, 	t = 3270541082164328.5000 msec, 	Position = Ion
[0 0 0 0 0 0 0 0 0 0 2 0 0 0 0 0 0 0 0 0 0], 	Ex = 13.53, 	t = 3271142284569138.5000 msec, 	Position = Ion
[0 0 0 0 0 0 0 0 0 0 2 0 0 0 0 0 0 0 0 0 0], 	Ex = 13.53, 	t = 3271743486973948.0000 msec, 	Position = Ion
[0 0 0 0 0 0 0 0 0 0 2 0 0 0 0 0 0 0 0 0 0], 	Ex = 13.53, 	t = 3272344689378757.5000 msec, 	Position = Ion
[0 0 0 0 0 0 0 0 0 0 2 0 0 0 0 0 0 0 0 0 0], 	Ex = 13.54, 	t = 3272945891783567.0000 msec, 	Position = Ion
[0 0 0 0 0 0 0 0 0 0 2 0 0 0 0 0 0 0 0 0 0], 	Ex = 13.54, 	t = 3273547094188377.0000 msec, 	Position = Ion
[0 0 0 0 0 0 0 0 0 0 2 0 0 0 0 0 0 0 0 0 0], 	Ex = 13.54, 	t = 3274148296593186.5000 msec, 	Position = Ion
[0 0 0 0 0 0 0 0 0 0 2 0 0 0 0 0 0 0 0 0 0], 	Ex = 13.54, 	t = 3274749498997996.0000 msec, 	Position = Ion
[0 0 0 0 0 0 0 0 0 0 2 0 0 0 0 0 0 0 0 0 0], 	Ex = 13.55, 	t = 3275350701402805.5000 msec, 	Position = Ion
[0 0 0 0 0 0 0 0 0 0 2 0 0 0 0 0 0 0 0 0 0], 	Ex = 13.55, 	t = 3275951903807615.0000 msec, 	Position = Ion
[0 0 0 0 0 0 0 0 0 0 2 0 0 0 0 0 0 0 0 0 0], 	Ex = 13.55, 	t = 3276553106212425.0000 msec, 	Position = Ion
[0 0 0 0 0 0 0 0 0 0 2 0 0 0 0 0 0 0 0 0 0], 	Ex = 13.55, 	t = 3277154308617234.5000 msec, 	Position = Ion
[0 0 0 0 0 0 0 0 0 0 2 0 0 0 0 0 0 0 0 0 0], 	Ex = 13.56, 	t = 3277755511022044.0000 msec, 	Position = Ion
[0 0 0 0 0 0 0 0 0 0 2 0 0 0 0 0 0 0 0 0 0], 	Ex = 13.56, 	t = 3278356713426853.5000 msec, 	Position = Ion
[0 0 0 0 0 0 0 0 0 0 2 0 0 0 0 0 0 0 0 0 0], 	Ex = 13.56, 	t = 3278957915831663.5000 msec, 	Position = Ion
[0 0 0 0 0 0 0 0 0 0 2 0 0 0 0 0 0 0 0 0 0], 	Ex = 13.56, 	t = 3279559118236473.0000 msec, 	Position = Ion
[0 0 0 0 0 0 0 0 0 0 2 0 0 0 0 0 0 0 0 0 0], 	Ex = 13.57, 	t = 3280160320641282.5000 msec, 	Position = Ion
[0 0 0 0 0 0 0 0 0 0 2 0 0 0 0 0 0 0 0 0 0], 	Ex = 13.57, 	t = 3280761523046092.0000 msec, 	Position = Ion
[0 0 0 0 0 0 0 0 0 0 2 0 0 0 0 0 0 0 0 0 0], 	Ex = 13.57, 	t = 3281362725450902.0000 msec, 	Position = Ion
[0 0 0 0 0 0 0 0 0 0 2 0 0 0 0 0 0 0 0 0 0], 	Ex = 13.57, 	t = 3281963927855711.5000 msec, 	Position = Ion
[0 0 0 0 0 0 0 0 0 0 2 0 0 0 0 0 0 0 0 0 0], 	Ex = 13.58, 	t = 3282565130260521.0000 msec, 	Position = Ion
[0 0 0 0 0 0 0 0 0 0 2 0 0 0 0 0 0 0 0 0 0], 	Ex = 13.58, 	t = 3283166332665330.5000 msec, 	Position = Ion
[0 0 0 0 0 0 0 0 0 0 2 0 0 0 0 0 0 0 0 0 0], 	Ex = 13.58, 	t = 3283767535070140.5000 msec, 	Position = Ion
[0 0 0 0 0 0 0 0 0 0 2 0 0 0 0 0 0 0 0 0 0], 	Ex = 13.58, 	t = 3284368737474950.0000 msec, 	Position = Ion
[0 0 0 0 0 0 0 0 0 0 2 0 0 0 0 0 0 0 0 0 0], 	Ex = 13.59, 	t = 3284969939879759.5000 msec, 	Position = Ion
[0 0 0 0 0 0 0 0 0 0 2 0 0 0 0 0 0 0 0 0 0], 	Ex = 13.59, 	t = 3285571142284569.0000 msec, 	Position = Ion
[0 0 0 0 0 0 0 0 0 0 2 0 0 0 0 0 0 0 0 0 0], 	Ex = 13.59, 	t = 3286172344689379.0000 msec, 	Position = Ion
[0 0 0 0 0 0 0 0 0 0 2 0 0 0 0 0 0 0 0 0 0], 	Ex = 13.59, 	t = 3286773547094188.5000 msec, 	Position = Ion
[0 0 0 0 0 0 0 0 0 0 2 0 0 0 0 0 0 0 0 0 0], 	Ex = 13.60, 	t = 3287374749498998.0000 msec, 	Position = Ion
[0 0 0 0 0 0 0 0 0 0 2 0 0 0 0 0 0 0 0 0 0], 	Ex = 13.60, 	t = 3287975951903807.5000 msec, 	Position = Ion
[0 0 0 0 0 0 0 0 0 0 2 0 0 0 0 0 0 0 0 0 0], 	Ex = 13.60, 	t = 3288577154308617.0000 msec, 	Position = Ion
[0 0 0 0 0 0 0 0 0 0 2 0 0 0 0 0 0 0 0 0 0], 	Ex = 13.60, 	t = 3289178356713427.0000 msec, 	Position = Ion
[0 0 0 0 0 0 0 0 0 0 2 0 0 0 0 0 0 0 0 0 0], 	Ex = 13.61, 	t = 3289779559118236.5000 msec, 	Position = Ion
[0 0 0 0 0 0 0 0 0 0 2 0 0 0 0 0 0 0 0 0 0], 	Ex = 13.61, 	t = 3290380761523046.0000 msec, 	Position = Ion
[0 0 0 0 0 0 0 0 0 0 2 0 0 0 0 0 0 0 0 0 0], 	Ex = 13.61, 	t = 3290981963927856.0000 msec, 	Position = Ion
[0 0 0 0 0 0 0 0 0 0 2 0 0 0 0 0 0 0 0 0 0], 	Ex = 13.61, 	t = 3291583166332665.5000 msec, 	Position = Ion
[0 0 0 0 0 0 0 0 0 0 2 0 0 0 0 0 0 0 0 0 0], 	Ex = 13.62, 	t = 3292184368737475.0000 msec, 	Position = Ion
[0 0 0 0 0 0 0 0 0 0 2 0 0 0 0 0 0 0 0 0 0], 	Ex = 13.62, 	t = 3292785571142284.5000 msec, 	Position = Ion
[0 0 0 0 0 0 0 0 0 0 2 0 0 0 0 0 0 0 0 0 0], 	Ex = 13.62, 	t = 3293386773547094.0000 msec, 	Position = Ion
[0 0 0 0 0 0 0 0 0 0 2 0 0 0 0 0 0 0 0 0 0], 	Ex = 13.62, 	t = 3293987975951904.0000 msec, 	Position = Ion
[0 0 0 0 0 0 0 0 0 0 2 0 0 0 0 0 0 0 0 0 0], 	Ex = 13.63, 	t = 3294589178356713.5000 msec, 	Position = Ion
[0 0 0 0 0 0 0 0 0 0 2 0 0 0 0 0 0 0 0 0 0], 	Ex = 13.63, 	t = 3295190380761523.0000 msec, 	Position = Ion
[0 0 0 0 0 0 0 0 0 0 2 0 0 0 0 0 0 0 0 0 0], 	Ex = 13.63, 	t = 3295791583166332.5000 msec, 	Position = Ion
[0 0 0 0 0 0 0 0 0 0 2 0 0 0 0 0 0 0 0 0 0], 	Ex = 13.63, 	t = 3296392785571142.5000 msec, 	Position = Ion
[0 0 0 0 0 0 0 0 0 0 2 0 0 0 0 0 0 0 0 0 0], 	Ex = 13.64, 	t = 3296993987975952.0000 msec, 	Position = Ion
[0 0 0 0 0 0 0 0 0 0 2 0 0 0 0 0 0 0 0 0 0], 	Ex = 13.64, 	t = 3297595190380761.5000 msec, 	Position = Ion
[0 0 0 0 0 0 0 0 0 0 2 0 0 0 0 0 0 0 0 0 0], 	Ex = 13.64, 	t = 3298196392785571.0000 msec, 	Position = Ion
[0 0 0 0 0 0 0 0 0 0 2 0 0 0 0 0 0 0 0 0 0], 	Ex = 13.64, 	t = 3298797595190381.0000 msec, 	Position = Ion
[0 0 0 0 0 0 0 0 0 0 2 0 0 0 0 0 0 0 0 0 0], 	Ex = 13.65, 	t = 3299398797595190.5000 msec, 	Position = Ion
[0 0 0 0 0 0 0 0 0 0 2 0 0 0 0 0 0 0 0 0 0], 	Ex = 13.65, 	t = 3300000000000000.0000 msec, 	Position = Ion
