[0 0 0 0 0 0 0 0 0 1 2 0 0 0 0 0 0 0 0 0 0], 	Ex = -0.00, 	t = 0.0000 msec, 	Position = -1
[0 0 0 0 0 0 0 0 0 1 2 0 0 0 0 0 0 0 0 0 0], 	Ex = -0.06, 	t = 0.0040 msec, 	Position = -1
[0 0 0 0 0 0 0 0 0 1 2 0 0 0 0 0 0 0 0 0 0], 	Ex = -0.13, 	t = 0.0080 msec, 	Position = -1
[0 0 0 0 0 0 0 0 0 1 2 0 0 0 0 0 0 0 0 0 0], 	Ex = -0.19, 	t = 0.0120 msec, 	Position = -1
[0 0 0 0 0 0 0 0 0 1 2 0 0 0 0 0 0 0 0 0 0], 	Ex = -0.25, 	t = 0.0160 msec, 	Position = -1
[0 0 0 0 0 0 0 0 0 1 2 0 0 0 0 0 0 0 0 0 0], 	Ex = -0.31, 	t = 0.0200 msec, 	Position = -1
[0 0 0 0 0 0 0 0 0 1 2 0 0 0 0 0 0 0 0 0 0], 	Ex = -0.38, 	t = 0.0240 msec, 	Position = -1
[0 0 0 0 0 0 0 0 0 1 2 0 0 0 0 0 0 0 0 0 0], 	Ex = -0.44, 	t = 0.0280 msec, 	Position = -1
[0 0 0 0 0 0 0 0 0 1 2 0 0 0 0 0 0 0 0 0 0], 	Ex = -0.50, 	t = 0.0320 msec, 	Position = -1
[0 0 0 0 0 0 0 0 0 1 2 0 0 0 0 0 0 0 0 0 0], 	Ex = -0.56, 	t = 0.0360 msec, 	Position = -1
[0 0 0 0 0 0 0 0 0 1 2 0 0 0 0 0 0 0 0 0 0], 	Ex = -0.63, 	t = 0.0400 msec, 	Position = -1
[0 0 0 0 0 0 0 0 0 1 2 0 0 0 0 0 0 0 0 0 0], 	Ex = -0.69, 	t = 0.0440 msec, 	Position = -1
[0 0 0 0 0 0 0 0 0 1 2 0 0 0 0 0 0 0 0 0 0], 	Ex = -0.75, 	t = 0.0480 msec, 	Position = -1
[0 0 0 0 0 0 0 0 0 1 2 0 0 0 0 0 0 0 0 0 0], 	Ex = -0.81, 	t = 0.0521 msec, 	Position = -1
[0 0 0 0 0 0 0 0 0 1 2 0 0 0 0 0 0 0 0 0 0], 	Ex = -0.88, 	t = 0.0561 msec, 	Position = -1
[0 0 0 0 0 0 0 0 0 1 2 0 0 0 0 0 0 0 0 0 0], 	Ex = -0.94, 	t = 0.0601 msec, 	Position = -1
[0 0 0 0 0 0 0 0 0 1 2 0 0 0 0 0 0 0 0 0 0], 	Ex = -1.00, 	t = 0.0641 msec, 	Position = -1
[0 0 0 0 0 0 0 0 1 0 2 0 0 0 0 0 0 0 0 0 0], 	Ex = -1.06, 	t = 0.0681 msec, 	Position = -2
[0 0 0 0 0 0 0 0 1 0 2 0 0 0 0 0 0 0 0 0 0], 	Ex = -1.12, 	t = 0.0721 msec, 	Position = -2
[0 0 0 0 0 0 0 0 1 0 2 0 0 0 0 0 0 0 0 0 0], 	Ex = -1.18, 	t = 0.0761 msec, 	Position = -2
[0 0 0 0 0 0 0 0 1 0 2 0 0 0 0 0 0 0 0 0 0], 	Ex = -1.24, 	t = 0.0801 msec, 	Position = -2
[0 0 0 0 0 0 0 0 1 0 2 0 0 0 0 0 0 0 0 0 0], 	Ex = -1.31, 	t = 0.0841 msec, 	Position = -2
[0 0 0 0 0 0 0 0 1 0 2 0 0 0 0 0 0 0 0 0 0], 	Ex = -1.37, 	t = 0.0881 msec, 	Position = -2
[0 0 0 0 0 0 0 0 1 0 2 0 0 0 0 0 0 0 0 0 0], 	Ex = -1.43, 	t = 0.0921 msec, 	Position = -2
[0 0 0 0 0 0 0 0 1 0 2 0 0 0 0 0 0 0 0 0 0], 	Ex = -1.49, 	t = 0.0961 msec, 	Position = -2
[0 0 0 0 0 0 0 0 1 0 2 0 0 0 0 0 0 0 0 0 0], 	Ex = -1.55, 	t = 0.1001 msec, 	Position = -2
[0 0 0 0 0 0 0 0 1 0 2 0 0 0 0 0 0 0 0 0 0], 	Ex = -1.61, 	t = 0.1041 msec, 	Position = -2
[0 0 0 0 0 0 0 0 1 0 2 0 0 0 0 0 0 0 0 0 0], 	Ex = -1.67, 	t = 0.1081 msec, 	Position = -2
[0 0 0 0 0 0 0 0 1 0 2 0 0 0 0 0 0 0 0 0 0], 	Ex = -1.72, 	t = 0.1121 msec, 	Position = -2
[0 0 0 0 0 0 0 0 1 0 2 0 0 0 0 0 0 0 0 0 0], 	Ex = -1.78, 	t = 0.1161 msec, 	Position = -2
[0 0 0 0 0 0 0 0 1 0 2 0 0 0 0 0 0 0 0 0 0], 	Ex = -1.84, 	t = 0.1201 msec, 	Position = -2
[0 0 0 0 0 0 0 0 1 0 2 0 0 0 0 0 0 0 0 0 0], 	Ex = -1.90, 	t = 0.1241 msec, 	Position = -2
[0 0 0 0 0 0 0 0 1 0 2 0 0 0 0 0 0 0 0 0 0], 	Ex = -1.96, 	t = 0.1281 msec, 	Position = -2
[0 0 0 0 0 0 0 1 0 0 2 0 0 0 0 0 0 0 0 0 0], 	Ex = -2.02, 	t = 0.1321 msec, 	Position = -3
[0 0 0 0 0 0 0 1 0 0 2 0 0 0 0 0 0 0 0 0 0], 	Ex = -2.07, 	t = 0.1361 msec, 	Position = -3
[0 0 0 0 0 0 0 1 0 0 2 0 0 0 0 0 0 0 0 0 0], 	Ex = -2.13, 	t = 0.1401 msec, 	Position = -3
[0 0 0 0 0 0 0 1 0 0 2 0 0 0 0 0 0 0 0 0 0], 	Ex = -2.19, 	t = 0.1441 msec, 	Position = -3
[0 0 0 0 0 0 0 1 0 0 2 0 0 0 0 0 0 0 0 0 0], 	Ex = -2.24, 	t = 0.1481 msec, 	Position = -3
[0 0 0 0 0 0 0 1 0 0 2 0 0 0 0 0 0 0 0 0 0], 	Ex = -2.30, 	t = 0.1522 msec, 	Position = -3
[0 0 0 0 0 0 0 1 0 0 2 0 0 0 0 0 0 0 0 0 0], 	Ex = -2.36, 	t = 0.1562 msec, 	Position = -3
[0 0 0 0 0 0 0 1 0 0 2 0 0 0 0 0 0 0 0 0 0], 	Ex = -2.41, 	t = 0.1602 msec, 	Position = -3
[0 0 0 0 0 0 0 1 0 0 2 0 0 0 0 0 0 0 0 0 0], 	Ex = -2.47, 	t = 0.1642 msec, 	Position = -3
[0 0 0 0 0 0 0 1 0 0 2 0 0 0 0 0 0 0 0 0 0], 	Ex = -2.52, 	t = 0.1682 msec, 	Position = -3
[0 0 0 0 0 0 0 1 0 0 2 0 0 0 0 0 0 0 0 0 0], 	Ex = -2.57, 	t = 0.1722 msec, 	Position = -3
[0 0 0 0 0 0 0 1 0 0 2 0 0 0 0 0 0 0 0 0 0], 	Ex = -2.63, 	t = 0.1762 msec, 	Position = -3
[0 0 0 0 0 0 0 1 0 0 2 0 0 0 0 0 0 0 0 0 0], 	Ex = -2.68, 	t = 0.1802 msec, 	Position = -3
[0 0 0 0 0 0 0 1 0 0 2 0 0 0 0 0 0 0 0 0 0], 	Ex = -2.73, 	t = 0.1842 msec, 	Position = -3
[0 0 0 0 0 0 0 1 0 0 2 0 0 0 0 0 0 0 0 0 0], 	Ex = -2.79, 	t = 0.1882 msec, 	Position = -3
[0 0 0 0 0 0 0 1 0 0 2 0 0 0 0 0 0 0 0 0 0], 	Ex = -2.84, 	t = 0.1922 msec, 	Position = -3
[0 0 0 0 0 0 0 1 0 0 2 0 0 0 0 0 0 0 0 0 0], 	Ex = -2.89, 	t = 0.1962 msec, 	Position = -3
[0 0 0 0 0 0 0 1 0 0 2 0 0 0 0 0 0 0 0 0 0], 	Ex = -2.94, 	t = 0.2002 msec, 	Position = -3
[0 0 0 0 0 0 0 1 0 0 2 0 0 0 0 0 0 0 0 0 0], 	Ex = -2.99, 	t = 0.2042 msec, 	Position = -3
[0 0 0 0 0 0 1 0 0 0 2 0 0 0 0 0 0 0 0 0 0], 	Ex = -3.04, 	t = 0.2082 msec, 	Position = -4
[0 0 0 0 0 0 1 0 0 0 2 0 0 0 0 0 0 0 0 0 0], 	Ex = -3.09, 	t = 0.2122 msec, 	Position = -4
[0 0 0 0 0 0 1 0 0 0 2 0 0 0 0 0 0 0 0 0 0], 	Ex = -3.14, 	t = 0.2162 msec, 	Position = -4
[0 0 0 0 0 0 1 0 0 0 2 0 0 0 0 0 0 0 0 0 0], 	Ex = -3.19, 	t = 0.2202 msec, 	Position = -4
[0 0 0 0 0 0 1 0 0 0 2 0 0 0 0 0 0 0 0 0 0], 	Ex = -3.24, 	t = 0.2242 msec, 	Position = -4
[0 0 0 0 0 0 1 0 0 0 2 0 0 0 0 0 0 0 0 0 0], 	Ex = -3.29, 	t = 0.2282 msec, 	Position = -4
[0 0 0 0 0 0 1 0 0 0 2 0 0 0 0 0 0 0 0 0 0], 	Ex = -3.33, 	t = 0.2322 msec, 	Position = -4
[0 0 0 0 0 0 1 0 0 0 2 0 0 0 0 0 0 0 0 0 0], 	Ex = -3.38, 	t = 0.2362 msec, 	Position = -4
[0 0 0 0 0 0 1 0 0 0 2 0 0 0 0 0 0 0 0 0 0], 	Ex = -3.43, 	t = 0.2402 msec, 	Position = -4
[0 0 0 0 0 0 1 0 0 0 2 0 0 0 0 0 0 0 0 0 0], 	Ex = -3.47, 	t = 0.2442 msec, 	Position = -4
[0 0 0 0 0 0 1 0 0 0 2 0 0 0 0 0 0 0 0 0 0], 	Ex = -3.52, 	t = 0.2482 msec, 	Position = -4
[0 0 0 0 0 0 1 0 0 0 2 0 0 0 0 0 0 0 0 0 0], 	Ex = -3.56, 	t = 0.2523 msec, 	Position = -4
[0 0 0 0 0 0 1 0 0 0 2 0 0 0 0 0 0 0 0 0 0], 	Ex = -3.60, 	t = 0.2563 msec, 	Position = -4
[0 0 0 0 0 0 1 0 0 0 2 0 0 0 0 0 0 0 0 0 0], 	Ex = -3.65, 	t = 0.2603 msec, 	Position = -4
[0 0 0 0 0 0 1 0 0 0 2 0 0 0 0 0 0 0 0 0 0], 	Ex = -3.69, 	t = 0.2643 msec, 	Position = -4
[0 0 0 0 0 0 1 0 0 0 2 0 0 0 0 0 0 0 0 0 0], 	Ex = -3.73, 	t = 0.2683 msec, 	Position = -4
[0 0 0 0 0 0 1 0 0 0 2 0 0 0 0 0 0 0 0 0 0], 	Ex = -3.77, 	t = 0.2723 msec, 	Position = -4
[0 0 0 0 0 0 1 0 0 0 2 0 0 0 0 0 0 0 0 0 0], 	Ex = -3.82, 	t = 0.2763 msec, 	Position = -4
[0 0 0 0 0 0 1 0 0 0 2 0 0 0 0 0 0 0 0 0 0], 	Ex = -3.86, 	t = 0.2803 msec, 	Position = -4
[0 0 0 0 0 0 1 0 0 0 2 0 0 0 0 0 0 0 0 0 0], 	Ex = -3.90, 	t = 0.2843 msec, 	Position = -4
[0 0 0 0 0 0 1 0 0 0 2 0 0 0 0 0 0 0 0 0 0], 	Ex = -3.93, 	t = 0.2883 msec, 	Position = -4
[0 0 0 0 0 0 1 0 0 0 2 0 0 0 0 0 0 0 0 0 0], 	Ex = -3.97, 	t = 0.2923 msec, 	Position = -4
[0 0 0 0 0 1 0 0 0 0 2 0 0 0 0 0 0 0 0 0 0], 	Ex = -4.01, 	t = 0.2963 msec, 	Position = -5
[0 0 0 0 0 1 0 0 0 0 2 0 0 0 0 0 0 0 0 0 0], 	Ex = -4.05, 	t = 0.3003 msec, 	Position = -5
[0 0 0 0 0 1 0 0 0 0 2 0 0 0 0 0 0 0 0 0 0], 	Ex = -4.08, 	t = 0.3043 msec, 	Position = -5
[0 0 0 0 0 1 0 0 0 0 2 0 0 0 0 0 0 0 0 0 0], 	Ex = -4.12, 	t = 0.3083 msec, 	Position = -5
[0 0 0 0 0 1 0 0 0 0 2 0 0 0 0 0 0 0 0 0 0], 	Ex = -4.16, 	t = 0.3123 msec, 	Position = -5
[0 0 0 0 0 1 0 0 0 0 2 0 0 0 0 0 0 0 0 0 0], 	Ex = -4.19, 	t = 0.3163 msec, 	Position = -5
[0 0 0 0 0 1 0 0 0 0 2 0 0 0 0 0 0 0 0 0 0], 	Ex = -4.22, 	t = 0.3203 msec, 	Position = -5
[0 0 0 0 0 1 0 0 0 0 2 0 0 0 0 0 0 0 0 0 0], 	Ex = -4.26, 	t = 0.3243 msec, 	Position = -5
[0 0 0 0 0 1 0 0 0 0 2 0 0 0 0 0 0 0 0 0 0], 	Ex = -4.29, 	t = 0.3283 msec, 	Position = -5
[0 0 0 0 0 1 0 0 0 0 2 0 0 0 0 0 0 0 0 0 0], 	Ex = -4.32, 	t = 0.3323 msec, 	Position = -5
[0 0 0 0 0 1 0 0 0 0 2 0 0 0 0 0 0 0 0 0 0], 	Ex = -4.35, 	t = 0.3363 msec, 	Position = -5
[0 0 0 0 0 1 0 0 0 0 2 0 0 0 0 0 0 0 0 0 0], 	Ex = -4.38, 	t = 0.3403 msec, 	Position = -5
[0 0 0 0 0 1 0 0 0 0 2 0 0 0 0 0 0 0 0 0 0], 	Ex = -4.41, 	t = 0.3443 msec, 	Position = -5
[0 0 0 0 0 1 0 0 0 0 2 0 0 0 0 0 0 0 0 0 0], 	Ex = -4.44, 	t = 0.3483 msec, 	Position = -5
[0 0 0 0 0 1 0 0 0 0 2 0 0 0 0 0 0 0 0 0 0], 	Ex = -4.47, 	t = 0.3524 msec, 	Position = -5
[0 0 0 0 0 1 0 0 0 0 2 0 0 0 0 0 0 0 0 0 0], 	Ex = -4.50, 	t = 0.3564 msec, 	Position = -5
[0 0 0 0 0 1 0 0 0 0 2 0 0 0 0 0 0 0 0 0 0], 	Ex = -4.53, 	t = 0.3604 msec, 	Position = -5
[0 0 0 0 0 1 0 0 0 0 2 0 0 0 0 0 0 0 0 0 0], 	Ex = -4.55, 	t = 0.3644 msec, 	Position = -5
[0 0 0 0 0 1 0 0 0 0 2 0 0 0 0 0 0 0 0 0 0], 	Ex = -4.58, 	t = 0.3684 msec, 	Position = -5
[0 0 0 0 0 1 0 0 0 0 2 0 0 0 0 0 0 0 0 0 0], 	Ex = -4.60, 	t = 0.3724 msec, 	Position = -5
[0 0 0 0 0 1 0 0 0 0 2 0 0 0 0 0 0 0 0 0 0], 	Ex = -4.63, 	t = 0.3764 msec, 	Position = -5
[0 0 0 0 0 1 0 0 0 0 2 0 0 0 0 0 0 0 0 0 0], 	Ex = -4.65, 	t = 0.3804 msec, 	Position = -5
[0 0 0 0 0 1 0 0 0 0 2 0 0 0 0 0 0 0 0 0 0], 	Ex = -4.67, 	t = 0.3844 msec, 	Position = -5
[0 0 0 0 0 1 0 0 0 0 2 0 0 0 0 0 0 0 0 0 0], 	Ex = -4.70, 	t = 0.3884 msec, 	Position = -5
[0 0 0 0 0 1 0 0 0 0 2 0 0 0 0 0 0 0 0 0 0], 	Ex = -4.72, 	t = 0.3924 msec, 	Position = -5
[0 0 0 0 0 1 0 0 0 0 2 0 0 0 0 0 0 0 0 0 0], 	Ex = -4.74, 	t = 0.3964 msec, 	Position = -5
[0 0 0 0 0 1 0 0 0 0 2 0 0 0 0 0 0 0 0 0 0], 	Ex = -4.76, 	t = 0.4004 msec, 	Position = -5
[0 0 0 0 0 1 0 0 0 0 2 0 0 0 0 0 0 0 0 0 0], 	Ex = -4.78, 	t = 0.4044 msec, 	Position = -5
[0 0 0 0 0 1 0 0 0 0 2 0 0 0 0 0 0 0 0 0 0], 	Ex = -4.79, 	t = 0.4084 msec, 	Position = -5
[0 0 0 0 0 1 0 0 0 0 2 0 0 0 0 0 0 0 0 0 0], 	Ex = -4.81, 	t = 0.4124 msec, 	Position = -5
[0 0 0 0 0 1 0 0 0 0 2 0 0 0 0 0 0 0 0 0 0], 	Ex = -4.83, 	t = 0.4164 msec, 	Position = -5
[0 0 0 0 0 1 0 0 0 0 2 0 0 0 0 0 0 0 0 0 0], 	Ex = -4.84, 	t = 0.4204 msec, 	Position = -5
[0 0 0 0 0 1 0 0 0 0 2 0 0 0 0 0 0 0 0 0 0], 	Ex = -4.86, 	t = 0.4244 msec, 	Position = -5
[0 0 0 0 0 1 0 0 0 0 2 0 0 0 0 0 0 0 0 0 0], 	Ex = -4.87, 	t = 0.4284 msec, 	Position = -5
[0 0 0 0 0 1 0 0 0 0 2 0 0 0 0 0 0 0 0 0 0], 	Ex = -4.89, 	t = 0.4324 msec, 	Position = -5
[0 0 0 0 0 1 0 0 0 0 2 0 0 0 0 0 0 0 0 0 0], 	Ex = -4.90, 	t = 0.4364 msec, 	Position = -5
[0 0 0 0 0 1 0 0 0 0 2 0 0 0 0 0 0 0 0 0 0], 	Ex = -4.91, 	t = 0.4404 msec, 	Position = -5
[0 0 0 0 0 1 0 0 0 0 2 0 0 0 0 0 0 0 0 0 0], 	Ex = -4.92, 	t = 0.4444 msec, 	Position = -5
[0 0 0 0 0 1 0 0 0 0 2 0 0 0 0 0 0 0 0 0 0], 	Ex = -4.93, 	t = 0.4484 msec, 	Position = -5
[0 0 0 0 0 1 0 0 0 0 2 0 0 0 0 0 0 0 0 0 0], 	Ex = -4.94, 	t = 0.4525 msec, 	Position = -5
[0 0 0 0 0 1 0 0 0 0 2 0 0 0 0 0 0 0 0 0 0], 	Ex = -4.95, 	t = 0.4565 msec, 	Position = -5
[0 0 0 0 0 1 0 0 0 0 2 0 0 0 0 0 0 0 0 0 0], 	Ex = -4.96, 	t = 0.4605 msec, 	Position = -5
[0 0 0 0 0 1 0 0 0 0 2 0 0 0 0 0 0 0 0 0 0], 	Ex = -4.97, 	t = 0.4645 msec, 	Position = -5
[0 0 0 0 0 1 0 0 0 0 2 0 0 0 0 0 0 0 0 0 0], 	Ex = -4.98, 	t = 0.4685 msec, 	Position = -5
[0 0 0 0 0 1 0 0 0 0 2 0 0 0 0 0 0 0 0 0 0], 	Ex = -4.98, 	t = 0.4725 msec, 	Position = -5
[0 0 0 0 0 1 0 0 0 0 2 0 0 0 0 0 0 0 0 0 0], 	Ex = -4.99, 	t = 0.4765 msec, 	Position = -5
[0 0 0 0 0 1 0 0 0 0 2 0 0 0 0 0 0 0 0 0 0], 	Ex = -4.99, 	t = 0.4805 msec, 	Position = -5
[0 0 0 0 0 1 0 0 0 0 2 0 0 0 0 0 0 0 0 0 0], 	Ex = -4.99, 	t = 0.4845 msec, 	Position = -5
[0 0 0 0 0 1 0 0 0 0 2 0 0 0 0 0 0 0 0 0 0], 	Ex = -5.00, 	t = 0.4885 msec, 	Position = -5
[0 0 0 0 0 1 0 0 0 0 2 0 0 0 0 0 0 0 0 0 0], 	Ex = -5.00, 	t = 0.4925 msec, 	Position = -5
[0 0 0 0 0 1 0 0 0 0 2 0 0 0 0 0 0 0 0 0 0], 	Ex = -5.00, 	t = 0.4965 msec, 	Position = -5
[0 0 0 0 0 1 0 0 0 0 2 0 0 0 0 0 0 0 0 0 0], 	Ex = -5.00, 	t = 0.5005 msec, 	Position = -5
[0 0 0 0 0 1 0 0 0 0 2 0 0 0 0 0 0 0 0 0 0], 	Ex = -5.00, 	t = 0.5045 msec, 	Position = -5
[0 0 0 0 0 1 0 0 0 0 2 0 0 0 0 0 0 0 0 0 0], 	Ex = -5.00, 	t = 0.5085 msec, 	Position = -5
[0 0 0 0 0 1 0 0 0 0 2 0 0 0 0 0 0 0 0 0 0], 	Ex = -5.00, 	t = 0.5125 msec, 	Position = -5
[0 0 0 0 0 1 0 0 0 0 2 0 0 0 0 0 0 0 0 0 0], 	Ex = -4.99, 	t = 0.5165 msec, 	Position = -5
[0 0 0 0 0 1 0 0 0 0 2 0 0 0 0 0 0 0 0 0 0], 	Ex = -4.99, 	t = 0.5205 msec, 	Position = -5
[0 0 0 0 0 1 0 0 0 0 2 0 0 0 0 0 0 0 0 0 0], 	Ex = -4.99, 	t = 0.5245 msec, 	Position = -5
[0 0 0 0 0 1 0 0 0 0 2 0 0 0 0 0 0 0 0 0 0], 	Ex = -4.98, 	t = 0.5285 msec, 	Position = -5
[0 0 0 0 0 1 0 0 0 0 2 0 0 0 0 0 0 0 0 0 0], 	Ex = -4.97, 	t = 0.5325 msec, 	Position = -5
[0 0 0 0 0 1 0 0 0 0 2 0 0 0 0 0 0 0 0 0 0], 	Ex = -4.97, 	t = 0.5365 msec, 	Position = -5
[0 0 0 0 0 1 0 0 0 0 2 0 0 0 0 0 0 0 0 0 0], 	Ex = -4.96, 	t = 0.5405 msec, 	Position = -5
[0 0 0 0 0 1 0 0 0 0 2 0 0 0 0 0 0 0 0 0 0], 	Ex = -4.95, 	t = 0.5445 msec, 	Position = -5
[0 0 0 0 0 1 0 0 0 0 2 0 0 0 0 0 0 0 0 0 0], 	Ex = -4.94, 	t = 0.5485 msec, 	Position = -5
[0 0 0 0 0 1 0 0 0 0 2 0 0 0 0 0 0 0 0 0 0], 	Ex = -4.93, 	t = 0.5526 msec, 	Position = -5
[0 0 0 0 0 1 0 0 0 0 2 0 0 0 0 0 0 0 0 0 0], 	Ex = -4.92, 	t = 0.5566 msec, 	Position = -5
[0 0 0 0 0 1 0 0 0 0 2 0 0 0 0 0 0 0 0 0 0], 	Ex = -4.91, 	t = 0.5606 msec, 	Position = -5
[0 0 0 0 0 1 0 0 0 0 2 0 0 0 0 0 0 0 0 0 0], 	Ex = -4.90, 	t = 0.5646 msec, 	Position = -5
[0 0 0 0 0 1 0 0 0 0 2 0 0 0 0 0 0 0 0 0 0], 	Ex = -4.88, 	t = 0.5686 msec, 	Position = -5
[0 0 0 0 0 1 0 0 0 0 2 0 0 0 0 0 0 0 0 0 0], 	Ex = -4.87, 	t = 0.5726 msec, 	Position = -5
[0 0 0 0 0 1 0 0 0 0 2 0 0 0 0 0 0 0 0 0 0], 	Ex = -4.86, 	t = 0.5766 msec, 	Position = -5
[0 0 0 0 0 1 0 0 0 0 2 0 0 0 0 0 0 0 0 0 0], 	Ex = -4.84, 	t = 0.5806 msec, 	Position = -5
[0 0 0 0 0 1 0 0 0 0 2 0 0 0 0 0 0 0 0 0 0], 	Ex = -4.82, 	t = 0.5846 msec, 	Position = -5
[0 0 0 0 0 1 0 0 0 0 2 0 0 0 0 0 0 0 0 0 0], 	Ex = -4.81, 	t = 0.5886 msec, 	Position = -5
[0 0 0 0 0 1 0 0 0 0 2 0 0 0 0 0 0 0 0 0 0], 	Ex = -4.79, 	t = 0.5926 msec, 	Position = -5
[0 0 0 0 0 1 0 0 0 0 2 0 0 0 0 0 0 0 0 0 0], 	Ex = -4.77, 	t = 0.5966 msec, 	Position = -5
[0 0 0 0 0 1 0 0 0 0 2 0 0 0 0 0 0 0 0 0 0], 	Ex = -4.75, 	t = 0.6006 msec, 	Position = -5
[0 0 0 0 0 1 0 0 0 0 2 0 0 0 0 0 0 0 0 0 0], 	Ex = -4.73, 	t = 0.6046 msec, 	Position = -5
[0 0 0 0 0 1 0 0 0 0 2 0 0 0 0 0 0 0 0 0 0], 	Ex = -4.71, 	t = 0.6086 msec, 	Position = -5
[0 0 0 0 0 1 0 0 0 0 2 0 0 0 0 0 0 0 0 0 0], 	Ex = -4.69, 	t = 0.6126 msec, 	Position = -5
[0 0 0 0 0 1 0 0 0 0 2 0 0 0 0 0 0 0 0 0 0], 	Ex = -4.67, 	t = 0.6166 msec, 	Position = -5
[0 0 0 0 0 1 0 0 0 0 2 0 0 0 0 0 0 0 0 0 0], 	Ex = -4.65, 	t = 0.6206 msec, 	Position = -5
[0 0 0 0 0 1 0 0 0 0 2 0 0 0 0 0 0 0 0 0 0], 	Ex = -4.62, 	t = 0.6246 msec, 	Position = -5
[0 0 0 0 0 1 0 0 0 0 2 0 0 0 0 0 0 0 0 0 0], 	Ex = -4.60, 	t = 0.6286 msec, 	Position = -5
[0 0 0 0 0 1 0 0 0 0 2 0 0 0 0 0 0 0 0 0 0], 	Ex = -4.57, 	t = 0.6326 msec, 	Position = -5
[0 0 0 0 0 1 0 0 0 0 2 0 0 0 0 0 0 0 0 0 0], 	Ex = -4.55, 	t = 0.6366 msec, 	Position = -5
[0 0 0 0 0 1 0 0 0 0 2 0 0 0 0 0 0 0 0 0 0], 	Ex = -4.52, 	t = 0.6406 msec, 	Position = -5
[0 0 0 0 0 1 0 0 0 0 2 0 0 0 0 0 0 0 0 0 0], 	Ex = -4.49, 	t = 0.6446 msec, 	Position = -5
[0 0 0 0 0 1 0 0 0 0 2 0 0 0 0 0 0 0 0 0 0], 	Ex = -4.46, 	t = 0.6486 msec, 	Position = -5
[0 0 0 0 0 1 0 0 0 0 2 0 0 0 0 0 0 0 0 0 0], 	Ex = -4.44, 	t = 0.6527 msec, 	Position = -5
[0 0 0 0 0 1 0 0 0 0 2 0 0 0 0 0 0 0 0 0 0], 	Ex = -4.41, 	t = 0.6567 msec, 	Position = -5
[0 0 0 0 0 1 0 0 0 0 2 0 0 0 0 0 0 0 0 0 0], 	Ex = -4.38, 	t = 0.6607 msec, 	Position = -5
[0 0 0 0 0 1 0 0 0 0 2 0 0 0 0 0 0 0 0 0 0], 	Ex = -4.35, 	t = 0.6647 msec, 	Position = -5
[0 0 0 0 0 1 0 0 0 0 2 0 0 0 0 0 0 0 0 0 0], 	Ex = -4.31, 	t = 0.6687 msec, 	Position = -5
[0 0 0 0 0 1 0 0 0 0 2 0 0 0 0 0 0 0 0 0 0], 	Ex = -4.28, 	t = 0.6727 msec, 	Position = -5
[0 0 0 0 0 1 0 0 0 0 2 0 0 0 0 0 0 0 0 0 0], 	Ex = -4.25, 	t = 0.6767 msec, 	Position = -5
[0 0 0 0 0 1 0 0 0 0 2 0 0 0 0 0 0 0 0 0 0], 	Ex = -4.22, 	t = 0.6807 msec, 	Position = -5
[0 0 0 0 0 1 0 0 0 0 2 0 0 0 0 0 0 0 0 0 0], 	Ex = -4.18, 	t = 0.6847 msec, 	Position = -5
[0 0 0 0 0 1 0 0 0 0 2 0 0 0 0 0 0 0 0 0 0], 	Ex = -4.15, 	t = 0.6887 msec, 	Position = -5
[0 0 0 0 0 1 0 0 0 0 2 0 0 0 0 0 0 0 0 0 0], 	Ex = -4.11, 	t = 0.6927 msec, 	Position = -5
[0 0 0 0 0 1 0 0 0 0 2 0 0 0 0 0 0 0 0 0 0], 	Ex = -4.08, 	t = 0.6967 msec, 	Position = -5
[0 0 0 0 0 1 0 0 0 0 2 0 0 0 0 0 0 0 0 0 0], 	Ex = -4.04, 	t = 0.7007 msec, 	Position = -5
[0 0 0 0 0 1 0 0 0 0 2 0 0 0 0 0 0 0 0 0 0], 	Ex = -4.00, 	t = 0.7047 msec, 	Position = -5
[0 0 0 0 0 0 1 0 0 0 2 0 0 0 0 0 0 0 0 0 0], 	Ex = -3.96, 	t = 0.7087 msec, 	Position = -4
[0 0 0 0 0 0 1 0 0 0 2 0 0 0 0 0 0 0 0 0 0], 	Ex = -3.92, 	t = 0.7127 msec, 	Position = -4
[0 0 0 0 0 0 1 0 0 0 2 0 0 0 0 0 0 0 0 0 0], 	Ex = -3.89, 	t = 0.7167 msec, 	Position = -4
[0 0 0 0 0 0 1 0 0 0 2 0 0 0 0 0 0 0 0 0 0], 	Ex = -3.85, 	t = 0.7207 msec, 	Position = -4
[0 0 0 0 0 0 1 0 0 0 2 0 0 0 0 0 0 0 0 0 0], 	Ex = -3.80, 	t = 0.7247 msec, 	Position = -4
[0 0 0 0 0 0 1 0 0 0 2 0 0 0 0 0 0 0 0 0 0], 	Ex = -3.76, 	t = 0.7287 msec, 	Position = -4
[0 0 0 0 0 0 1 0 0 0 2 0 0 0 0 0 0 0 0 0 0], 	Ex = -3.72, 	t = 0.7327 msec, 	Position = -4
[0 0 0 0 0 0 1 0 0 0 2 0 0 0 0 0 0 0 0 0 0], 	Ex = -3.68, 	t = 0.7367 msec, 	Position = -4
[0 0 0 0 0 0 1 0 0 0 2 0 0 0 0 0 0 0 0 0 0], 	Ex = -3.64, 	t = 0.7407 msec, 	Position = -4
[0 0 0 0 0 0 1 0 0 0 2 0 0 0 0 0 0 0 0 0 0], 	Ex = -3.59, 	t = 0.7447 msec, 	Position = -4
[0 0 0 0 0 0 1 0 0 0 2 0 0 0 0 0 0 0 0 0 0], 	Ex = -3.55, 	t = 0.7487 msec, 	Position = -4
[0 0 0 0 0 0 1 0 0 0 2 0 0 0 0 0 0 0 0 0 0], 	Ex = -3.50, 	t = 0.7528 msec, 	Position = -4
[0 0 0 0 0 0 1 0 0 0 2 0 0 0 0 0 0 0 0 0 0], 	Ex = -3.46, 	t = 0.7568 msec, 	Position = -4
[0 0 0 0 0 0 1 0 0 0 2 0 0 0 0 0 0 0 0 0 0], 	Ex = -3.41, 	t = 0.7608 msec, 	Position = -4
[0 0 0 0 0 0 1 0 0 0 2 0 0 0 0 0 0 0 0 0 0], 	Ex = -3.37, 	t = 0.7648 msec, 	Position = -4
[0 0 0 0 0 0 1 0 0 0 2 0 0 0 0 0 0 0 0 0 0], 	Ex = -3.32, 	t = 0.7688 msec, 	Position = -4
[0 0 0 0 0 0 1 0 0 0 2 0 0 0 0 0 0 0 0 0 0], 	Ex = -3.27, 	t = 0.7728 msec, 	Position = -4
[0 0 0 0 0 0 1 0 0 0 2 0 0 0 0 0 0 0 0 0 0], 	Ex = -3.23, 	t = 0.7768 msec, 	Position = -4
[0 0 0 0 0 0 1 0 0 0 2 0 0 0 0 0 0 0 0 0 0], 	Ex = -3.18, 	t = 0.7808 msec, 	Position = -4
[0 0 0 0 0 0 1 0 0 0 2 0 0 0 0 0 0 0 0 0 0], 	Ex = -3.13, 	t = 0.7848 msec, 	Position = -4
[0 0 0 0 0 0 1 0 0 0 2 0 0 0 0 0 0 0 0 0 0], 	Ex = -3.08, 	t = 0.7888 msec, 	Position = -4
[0 0 0 0 0 0 1 0 0 0 2 0 0 0 0 0 0 0 0 0 0], 	Ex = -3.03, 	t = 0.7928 msec, 	Position = -4
[0 0 0 0 0 0 0 1 0 0 2 0 0 0 0 0 0 0 0 0 0], 	Ex = -2.98, 	t = 0.7968 msec, 	Position = -3
[0 0 0 0 0 0 0 1 0 0 2 0 0 0 0 0 0 0 0 0 0], 	Ex = -2.93, 	t = 0.8008 msec, 	Position = -3
[0 0 0 0 0 0 0 1 0 0 2 0 0 0 0 0 0 0 0 0 0], 	Ex = -2.88, 	t = 0.8048 msec, 	Position = -3
[0 0 0 0 0 0 0 1 0 0 2 0 0 0 0 0 0 0 0 0 0], 	Ex = -2.83, 	t = 0.8088 msec, 	Position = -3
[0 0 0 0 0 0 0 1 0 0 2 0 0 0 0 0 0 0 0 0 0], 	Ex = -2.77, 	t = 0.8128 msec, 	Position = -3
[0 0 0 0 0 0 0 1 0 0 2 0 0 0 0 0 0 0 0 0 0], 	Ex = -2.72, 	t = 0.8168 msec, 	Position = -3
[0 0 0 0 0 0 0 1 0 0 2 0 0 0 0 0 0 0 0 0 0], 	Ex = -2.67, 	t = 0.8208 msec, 	Position = -3
[0 0 0 0 0 0 0 1 0 0 2 0 0 0 0 0 0 0 0 0 0], 	Ex = -2.61, 	t = 0.8248 msec, 	Position = -3
[0 0 0 0 0 0 0 1 0 0 2 0 0 0 0 0 0 0 0 0 0], 	Ex = -2.56, 	t = 0.8288 msec, 	Position = -3
[0 0 0 0 0 0 0 1 0 0 2 0 0 0 0 0 0 0 0 0 0], 	Ex = -2.51, 	t = 0.8328 msec, 	Position = -3
[0 0 0 0 0 0 0 1 0 0 2 0 0 0 0 0 0 0 0 0 0], 	Ex = -2.45, 	t = 0.8368 msec, 	Position = -3
[0 0 0 0 0 0 0 1 0 0 2 0 0 0 0 0 0 0 0 0 0], 	Ex = -2.40, 	t = 0.8408 msec, 	Position = -3
[0 0 0 0 0 0 0 1 0 0 2 0 0 0 0 0 0 0 0 0 0], 	Ex = -2.34, 	t = 0.8448 msec, 	Position = -3
[0 0 0 0 0 0 0 1 0 0 2 0 0 0 0 0 0 0 0 0 0], 	Ex = -2.29, 	t = 0.8488 msec, 	Position = -3
[0 0 0 0 0 0 0 1 0 0 2 0 0 0 0 0 0 0 0 0 0], 	Ex = -2.23, 	t = 0.8529 msec, 	Position = -3
[0 0 0 0 0 0 0 1 0 0 2 0 0 0 0 0 0 0 0 0 0], 	Ex = -2.17, 	t = 0.8569 msec, 	Position = -3
[0 0 0 0 0 0 0 1 0 0 2 0 0 0 0 0 0 0 0 0 0], 	Ex = -2.12, 	t = 0.8609 msec, 	Position = -3
[0 0 0 0 0 0 0 1 0 0 2 0 0 0 0 0 0 0 0 0 0], 	Ex = -2.06, 	t = 0.8649 msec, 	Position = -3
[0 0 0 0 0 0 0 1 0 0 2 0 0 0 0 0 0 0 0 0 0], 	Ex = -2.00, 	t = 0.8689 msec, 	Position = -3
[0 0 0 0 0 0 0 0 1 0 2 0 0 0 0 0 0 0 0 0 0], 	Ex = -1.94, 	t = 0.8729 msec, 	Position = -2
[0 0 0 0 0 0 0 0 1 0 2 0 0 0 0 0 0 0 0 0 0], 	Ex = -1.89, 	t = 0.8769 msec, 	Position = -2
[0 0 0 0 0 0 0 0 1 0 2 0 0 0 0 0 0 0 0 0 0], 	Ex = -1.83, 	t = 0.8809 msec, 	Position = -2
[0 0 0 0 0 0 0 0 1 0 2 0 0 0 0 0 0 0 0 0 0], 	Ex = -1.77, 	t = 0.8849 msec, 	Position = -2
[0 0 0 0 0 0 0 0 1 0 2 0 0 0 0 0 0 0 0 0 0], 	Ex = -1.71, 	t = 0.8889 msec, 	Position = -2
[0 0 0 0 0 0 0 0 1 0 2 0 0 0 0 0 0 0 0 0 0], 	Ex = -1.65, 	t = 0.8929 msec, 	Position = -2
[0 0 0 0 0 0 0 0 1 0 2 0 0 0 0 0 0 0 0 0 0], 	Ex = -1.59, 	t = 0.8969 msec, 	Position = -2
[0 0 0 0 0 0 0 0 1 0 2 0 0 0 0 0 0 0 0 0 0], 	Ex = -1.53, 	t = 0.9009 msec, 	Position = -2
[0 0 0 0 0 0 0 0 1 0 2 0 0 0 0 0 0 0 0 0 0], 	Ex = -1.47, 	t = 0.9049 msec, 	Position = -2
[0 0 0 0 0 0 0 0 1 0 2 0 0 0 0 0 0 0 0 0 0], 	Ex = -1.41, 	t = 0.9089 msec, 	Position = -2
[0 0 0 0 0 0 0 0 1 0 2 0 0 0 0 0 0 0 0 0 0], 	Ex = -1.35, 	t = 0.9129 msec, 	Position = -2
[0 0 0 0 0 0 0 0 1 0 2 0 0 0 0 0 0 0 0 0 0], 	Ex = -1.29, 	t = 0.9169 msec, 	Position = -2
[0 0 0 0 0 0 0 0 1 0 2 0 0 0 0 0 0 0 0 0 0], 	Ex = -1.23, 	t = 0.9209 msec, 	Position = -2
[0 0 0 0 0 0 0 0 1 0 2 0 0 0 0 0 0 0 0 0 0], 	Ex = -1.17, 	t = 0.9249 msec, 	Position = -2
[0 0 0 0 0 0 0 0 1 0 2 0 0 0 0 0 0 0 0 0 0], 	Ex = -1.11, 	t = 0.9289 msec, 	Position = -2
[0 0 0 0 0 0 0 0 1 0 2 0 0 0 0 0 0 0 0 0 0], 	Ex = -1.05, 	t = 0.9329 msec, 	Position = -2
[0 0 0 0 0 0 0 0 0 1 2 0 0 0 0 0 0 0 0 0 0], 	Ex = -0.98, 	t = 0.9369 msec, 	Position = -1
[0 0 0 0 0 0 0 0 0 1 2 0 0 0 0 0 0 0 0 0 0], 	Ex = -0.92, 	t = 0.9409 msec, 	Position = -1
[0 0 0 0 0 0 0 0 0 1 2 0 0 0 0 0 0 0 0 0 0], 	Ex = -0.86, 	t = 0.9449 msec, 	Position = -1
[0 0 0 0 0 0 0 0 0 1 2 0 0 0 0 0 0 0 0 0 0], 	Ex = -0.80, 	t = 0.9489 msec, 	Position = -1
[0 0 0 0 0 0 0 0 0 1 2 0 0 0 0 0 0 0 0 0 0], 	Ex = -0.74, 	t = 0.9530 msec, 	Position = -1
[0 0 0 0 0 0 0 0 0 1 2 0 0 0 0 0 0 0 0 0 0], 	Ex = -0.67, 	t = 0.9570 msec, 	Position = -1
[0 0 0 0 0 0 0 0 0 1 2 0 0 0 0 0 0 0 0 0 0], 	Ex = -0.61, 	t = 0.9610 msec, 	Position = -1
[0 0 0 0 0 0 0 0 0 1 2 0 0 0 0 0 0 0 0 0 0], 	Ex = -0.55, 	t = 0.9650 msec, 	Position = -1
[0 0 0 0 0 0 0 0 0 1 2 0 0 0 0 0 0 0 0 0 0], 	Ex = -0.49, 	t = 0.9690 msec, 	Position = -1
[0 0 0 0 0 0 0 0 0 1 2 0 0 0 0 0 0 0 0 0 0], 	Ex = -0.42, 	t = 0.9730 msec, 	Position = -1
[0 0 0 0 0 0 0 0 0 1 2 0 0 0 0 0 0 0 0 0 0], 	Ex = -0.36, 	t = 0.9770 msec, 	Position = -1
[0 0 0 0 0 0 0 0 0 1 2 0 0 0 0 0 0 0 0 0 0], 	Ex = -0.30, 	t = 0.9810 msec, 	Position = -1
[0 0 0 0 0 0 0 0 0 1 2 0 0 0 0 0 0 0 0 0 0], 	Ex = -0.24, 	t = 0.9850 msec, 	Position = -1
[0 0 0 0 0 0 0 0 0 1 2 0 0 0 0 0 0 0 0 0 0], 	Ex = -0.17, 	t = 0.9890 msec, 	Position = -1
[0 0 0 0 0 0 0 0 0 1 2 0 0 0 0 0 0 0 0 0 0], 	Ex = -0.11, 	t = 0.9930 msec, 	Position = -1
[0 0 0 0 0 0 0 0 0 1 2 0 0 0 0 0 0 0 0 0 0], 	Ex = -0.05, 	t = 0.9970 msec, 	Position = -1
[0 0 0 0 0 0 0 0 0 0 2 1 0 0 0 0 0 0 0 0 0], 	Ex = 0.02, 	t = 1.0010 msec, 	Position = 1
[0 0 0 0 0 0 0 0 0 0 2 1 0 0 0 0 0 0 0 0 0], 	Ex = 0.08, 	t = 1.0050 msec, 	Position = 1
[0 0 0 0 0 0 0 0 0 0 2 1 0 0 0 0 0 0 0 0 0], 	Ex = 0.14, 	t = 1.0090 msec, 	Position = 1
[0 0 0 0 0 0 0 0 0 0 2 1 0 0 0 0 0 0 0 0 0], 	Ex = 0.20, 	t = 1.0130 msec, 	Position = 1
[0 0 0 0 0 0 0 0 0 0 2 1 0 0 0 0 0 0 0 0 0], 	Ex = 0.27, 	t = 1.0170 msec, 	Position = 1
[0 0 0 0 0 0 0 0 0 0 2 1 0 0 0 0 0 0 0 0 0], 	Ex = 0.33, 	t = 1.0210 msec, 	Position = 1
[0 0 0 0 0 0 0 0 0 0 2 1 0 0 0 0 0 0 0 0 0], 	Ex = 0.39, 	t = 1.0250 msec, 	Position = 1
[0 0 0 0 0 0 0 0 0 0 2 1 0 0 0 0 0 0 0 0 0], 	Ex = 0.46, 	t = 1.0290 msec, 	Position = 1
[0 0 0 0 0 0 0 0 0 0 2 1 0 0 0 0 0 0 0 0 0], 	Ex = 0.52, 	t = 1.0330 msec, 	Position = 1
[0 0 0 0 0 0 0 0 0 0 2 1 0 0 0 0 0 0 0 0 0], 	Ex = 0.58, 	t = 1.0370 msec, 	Position = 1
[0 0 0 0 0 0 0 0 0 0 2 1 0 0 0 0 0 0 0 0 0], 	Ex = 0.64, 	t = 1.0410 msec, 	Position = 1
[0 0 0 0 0 0 0 0 0 0 2 1 0 0 0 0 0 0 0 0 0], 	Ex = 0.71, 	t = 1.0450 msec, 	Position = 1
[0 0 0 0 0 0 0 0 0 0 2 1 0 0 0 0 0 0 0 0 0], 	Ex = 0.77, 	t = 1.0490 msec, 	Position = 1
[0 0 0 0 0 0 0 0 0 0 2 1 0 0 0 0 0 0 0 0 0], 	Ex = 0.83, 	t = 1.0531 msec, 	Position = 1
[0 0 0 0 0 0 0 0 0 0 2 1 0 0 0 0 0 0 0 0 0], 	Ex = 0.89, 	t = 1.0571 msec, 	Position = 1
[0 0 0 0 0 0 0 0 0 0 2 1 0 0 0 0 0 0 0 0 0], 	Ex = 0.95, 	t = 1.0611 msec, 	Position = 1
[0 0 0 0 0 0 0 0 0 0 2 0 1 0 0 0 0 0 0 0 0], 	Ex = 1.01, 	t = 1.0651 msec, 	Position = 2
[0 0 0 0 0 0 0 0 0 0 2 0 1 0 0 0 0 0 0 0 0], 	Ex = 1.08, 	t = 1.0691 msec, 	Position = 2
[0 0 0 0 0 0 0 0 0 0 2 0 1 0 0 0 0 0 0 0 0], 	Ex = 1.14, 	t = 1.0731 msec, 	Position = 2
[0 0 0 0 0 0 0 0 0 0 2 0 1 0 0 0 0 0 0 0 0], 	Ex = 1.20, 	t = 1.0771 msec, 	Position = 2
[0 0 0 0 0 0 0 0 0 0 2 0 1 0 0 0 0 0 0 0 0], 	Ex = 1.26, 	t = 1.0811 msec, 	Position = 2
[0 0 0 0 0 0 0 0 0 0 2 0 1 0 0 0 0 0 0 0 0], 	Ex = 1.32, 	t = 1.0851 msec, 	Position = 2
[0 0 0 0 0 0 0 0 0 0 2 0 1 0 0 0 0 0 0 0 0], 	Ex = 1.38, 	t = 1.0891 msec, 	Position = 2
[0 0 0 0 0 0 0 0 0 0 2 0 1 0 0 0 0 0 0 0 0], 	Ex = 1.44, 	t = 1.0931 msec, 	Position = 2
[0 0 0 0 0 0 0 0 0 0 2 0 1 0 0 0 0 0 0 0 0], 	Ex = 1.50, 	t = 1.0971 msec, 	Position = 2
[0 0 0 0 0 0 0 0 0 0 2 0 1 0 0 0 0 0 0 0 0], 	Ex = 1.56, 	t = 1.1011 msec, 	Position = 2
[0 0 0 0 0 0 0 0 0 0 2 0 1 0 0 0 0 0 0 0 0], 	Ex = 1.62, 	t = 1.1051 msec, 	Position = 2
[0 0 0 0 0 0 0 0 0 0 2 0 1 0 0 0 0 0 0 0 0], 	Ex = 1.68, 	t = 1.1091 msec, 	Position = 2
[0 0 0 0 0 0 0 0 0 0 2 0 1 0 0 0 0 0 0 0 0], 	Ex = 1.74, 	t = 1.1131 msec, 	Position = 2
[0 0 0 0 0 0 0 0 0 0 2 0 1 0 0 0 0 0 0 0 0], 	Ex = 1.80, 	t = 1.1171 msec, 	Position = 2
[0 0 0 0 0 0 0 0 0 0 2 0 1 0 0 0 0 0 0 0 0], 	Ex = 1.86, 	t = 1.1211 msec, 	Position = 2
[0 0 0 0 0 0 0 0 0 0 2 0 1 0 0 0 0 0 0 0 0], 	Ex = 1.92, 	t = 1.1251 msec, 	Position = 2
[0 0 0 0 0 0 0 0 0 0 2 0 1 0 0 0 0 0 0 0 0], 	Ex = 1.97, 	t = 1.1291 msec, 	Position = 2
[0 0 0 0 0 0 0 0 0 0 2 0 0 1 0 0 0 0 0 0 0], 	Ex = 2.03, 	t = 1.1331 msec, 	Position = 3
[0 0 0 0 0 0 0 0 0 0 2 0 0 1 0 0 0 0 0 0 0], 	Ex = 2.09, 	t = 1.1371 msec, 	Position = 3
[0 0 0 0 0 0 0 0 0 0 2 0 0 1 0 0 0 0 0 0 0], 	Ex = 2.15, 	t = 1.1411 msec, 	Position = 3
[0 0 0 0 0 0 0 0 0 0 2 0 0 1 0 0 0 0 0 0 0], 	Ex = 2.20, 	t = 1.1451 msec, 	Position = 3
[0 0 0 0 0 0 0 0 0 0 2 0 0 1 0 0 0 0 0 0 0], 	Ex = 2.26, 	t = 1.1491 msec, 	Position = 3
[0 0 0 0 0 0 0 0 0 0 2 0 0 1 0 0 0 0 0 0 0], 	Ex = 2.31, 	t = 1.1532 msec, 	Position = 3
[0 0 0 0 0 0 0 0 0 0 2 0 0 1 0 0 0 0 0 0 0], 	Ex = 2.37, 	t = 1.1572 msec, 	Position = 3
[0 0 0 0 0 0 0 0 0 0 2 0 0 1 0 0 0 0 0 0 0], 	Ex = 2.42, 	t = 1.1612 msec, 	Position = 3
[0 0 0 0 0 0 0 0 0 0 2 0 0 1 0 0 0 0 0 0 0], 	Ex = 2.48, 	t = 1.1652 msec, 	Position = 3
[0 0 0 0 0 0 0 0 0 0 2 0 0 1 0 0 0 0 0 0 0], 	Ex = 2.53, 	t = 1.1692 msec, 	Position = 3
[0 0 0 0 0 0 0 0 0 0 2 0 0 1 0 0 0 0 0 0 0], 	Ex = 2.59, 	t = 1.1732 msec, 	Position = 3
[0 0 0 0 0 0 0 0 0 0 2 0 0 1 0 0 0 0 0 0 0], 	Ex = 2.64, 	t = 1.1772 msec, 	Position = 3
[0 0 0 0 0 0 0 0 0 0 2 0 0 1 0 0 0 0 0 0 0], 	Ex = 2.69, 	t = 1.1812 msec, 	Position = 3
[0 0 0 0 0 0 0 0 0 0 2 0 0 1 0 0 0 0 0 0 0], 	Ex = 2.75, 	t = 1.1852 msec, 	Position = 3
[0 0 0 0 0 0 0 0 0 0 2 0 0 1 0 0 0 0 0 0 0], 	Ex = 2.80, 	t = 1.1892 msec, 	Position = 3
[0 0 0 0 0 0 0 0 0 0 2 0 0 1 0 0 0 0 0 0 0], 	Ex = 2.85, 	t = 1.1932 msec, 	Position = 3
[0 0 0 0 0 0 0 0 0 0 2 0 0 1 0 0 0 0 0 0 0], 	Ex = 2.90, 	t = 1.1972 msec, 	Position = 3
[0 0 0 0 0 0 0 0 0 0 2 0 0 1 0 0 0 0 0 0 0], 	Ex = 2.95, 	t = 1.2012 msec, 	Position = 3
[0 0 0 0 0 0 0 0 0 0 2 0 0 0 1 0 0 0 0 0 0], 	Ex = 3.00, 	t = 1.2052 msec, 	Position = 4
[0 0 0 0 0 0 0 0 0 0 2 0 0 0 1 0 0 0 0 0 0], 	Ex = 3.05, 	t = 1.2092 msec, 	Position = 4
[0 0 0 0 0 0 0 0 0 0 2 0 0 0 1 0 0 0 0 0 0], 	Ex = 3.10, 	t = 1.2132 msec, 	Position = 4
[0 0 0 0 0 0 0 0 0 0 2 0 0 0 1 0 0 0 0 0 0], 	Ex = 3.15, 	t = 1.2172 msec, 	Position = 4
[0 0 0 0 0 0 0 0 0 0 2 0 0 0 1 0 0 0 0 0 0], 	Ex = 3.20, 	t = 1.2212 msec, 	Position = 4
[0 0 0 0 0 0 0 0 0 0 2 0 0 0 1 0 0 0 0 0 0], 	Ex = 3.25, 	t = 1.2252 msec, 	Position = 4
[0 0 0 0 0 0 0 0 0 0 2 0 0 0 1 0 0 0 0 0 0], 	Ex = 3.30, 	t = 1.2292 msec, 	Position = 4
[0 0 0 0 0 0 0 0 0 0 2 0 0 0 1 0 0 0 0 0 0], 	Ex = 3.34, 	t = 1.2332 msec, 	Position = 4
[0 0 0 0 0 0 0 0 0 0 2 0 0 0 1 0 0 0 0 0 0], 	Ex = 3.39, 	t = 1.2372 msec, 	Position = 4
[0 0 0 0 0 0 0 0 0 0 2 0 0 0 1 0 0 0 0 0 0], 	Ex = 3.44, 	t = 1.2412 msec, 	Position = 4
[0 0 0 0 0 0 0 0 0 0 2 0 0 0 1 0 0 0 0 0 0], 	Ex = 3.48, 	t = 1.2452 msec, 	Position = 4
[0 0 0 0 0 0 0 0 0 0 2 0 0 0 1 0 0 0 0 0 0], 	Ex = 3.53, 	t = 1.2492 msec, 	Position = 4
[0 0 0 0 0 0 0 0 0 0 2 0 0 0 1 0 0 0 0 0 0], 	Ex = 3.57, 	t = 1.2533 msec, 	Position = 4
[0 0 0 0 0 0 0 0 0 0 2 0 0 0 1 0 0 0 0 0 0], 	Ex = 3.62, 	t = 1.2573 msec, 	Position = 4
[0 0 0 0 0 0 0 0 0 0 2 0 0 0 1 0 0 0 0 0 0], 	Ex = 3.66, 	t = 1.2613 msec, 	Position = 4
[0 0 0 0 0 0 0 0 0 0 2 0 0 0 1 0 0 0 0 0 0], 	Ex = 3.70, 	t = 1.2653 msec, 	Position = 4
[0 0 0 0 0 0 0 0 0 0 2 0 0 0 1 0 0 0 0 0 0], 	Ex = 3.74, 	t = 1.2693 msec, 	Position = 4
[0 0 0 0 0 0 0 0 0 0 2 0 0 0 1 0 0 0 0 0 0], 	Ex = 3.78, 	t = 1.2733 msec, 	Position = 4
[0 0 0 0 0 0 0 0 0 0 2 0 0 0 1 0 0 0 0 0 0], 	Ex = 3.83, 	t = 1.2773 msec, 	Position = 4
[0 0 0 0 0 0 0 0 0 0 2 0 0 0 1 0 0 0 0 0 0], 	Ex = 3.87, 	t = 1.2813 msec, 	Position = 4
[0 0 0 0 0 0 0 0 0 0 2 0 0 0 1 0 0 0 0 0 0], 	Ex = 3.90, 	t = 1.2853 msec, 	Position = 4
[0 0 0 0 0 0 0 0 0 0 2 0 0 0 1 0 0 0 0 0 0], 	Ex = 3.94, 	t = 1.2893 msec, 	Position = 4
[0 0 0 0 0 0 0 0 0 0 2 0 0 0 1 0 0 0 0 0 0], 	Ex = 3.98, 	t = 1.2933 msec, 	Position = 4
[0 0 0 0 0 0 0 0 0 0 2 0 0 0 0 1 0 0 0 0 0], 	Ex = 4.02, 	t = 1.2973 msec, 	Position = 5
[0 0 0 0 0 0 0 0 0 0 2 0 0 0 0 1 0 0 0 0 0], 	Ex = 4.06, 	t = 1.3013 msec, 	Position = 5
[0 0 0 0 0 0 0 0 0 0 2 0 0 0 0 1 0 0 0 0 0], 	Ex = 4.09, 	t = 1.3053 msec, 	Position = 5
[0 0 0 0 0 0 0 0 0 0 2 0 0 0 0 1 0 0 0 0 0], 	Ex = 4.13, 	t = 1.3093 msec, 	Position = 5
[0 0 0 0 0 0 0 0 0 0 2 0 0 0 0 1 0 0 0 0 0], 	Ex = 4.16, 	t = 1.3133 msec, 	Position = 5
[0 0 0 0 0 0 0 0 0 0 2 0 0 0 0 1 0 0 0 0 0], 	Ex = 4.20, 	t = 1.3173 msec, 	Position = 5
[0 0 0 0 0 0 0 0 0 0 2 0 0 0 0 1 0 0 0 0 0], 	Ex = 4.23, 	t = 1.3213 msec, 	Position = 5
[0 0 0 0 0 0 0 0 0 0 2 0 0 0 0 1 0 0 0 0 0], 	Ex = 4.27, 	t = 1.3253 msec, 	Position = 5
[0 0 0 0 0 0 0 0 0 0 2 0 0 0 0 1 0 0 0 0 0], 	Ex = 4.30, 	t = 1.3293 msec, 	Position = 5
[0 0 0 0 0 0 0 0 0 0 2 0 0 0 0 1 0 0 0 0 0], 	Ex = 4.33, 	t = 1.3333 msec, 	Position = 5
[0 0 0 0 0 0 0 0 0 0 2 0 0 0 0 1 0 0 0 0 0], 	Ex = 4.36, 	t = 1.3373 msec, 	Position = 5
[0 0 0 0 0 0 0 0 0 0 2 0 0 0 0 1 0 0 0 0 0], 	Ex = 4.39, 	t = 1.3413 msec, 	Position = 5
[0 0 0 0 0 0 0 0 0 0 2 0 0 0 0 1 0 0 0 0 0], 	Ex = 4.42, 	t = 1.3453 msec, 	Position = 5
[0 0 0 0 0 0 0 0 0 0 2 0 0 0 0 1 0 0 0 0 0], 	Ex = 4.45, 	t = 1.3493 msec, 	Position = 5
[0 0 0 0 0 0 0 0 0 0 2 0 0 0 0 1 0 0 0 0 0], 	Ex = 4.48, 	t = 1.3534 msec, 	Position = 5
[0 0 0 0 0 0 0 0 0 0 2 0 0 0 0 1 0 0 0 0 0], 	Ex = 4.51, 	t = 1.3574 msec, 	Position = 5
[0 0 0 0 0 0 0 0 0 0 2 0 0 0 0 1 0 0 0 0 0], 	Ex = 4.53, 	t = 1.3614 msec, 	Position = 5
[0 0 0 0 0 0 0 0 0 0 2 0 0 0 0 1 0 0 0 0 0], 	Ex = 4.56, 	t = 1.3654 msec, 	Position = 5
[0 0 0 0 0 0 0 0 0 0 2 0 0 0 0 1 0 0 0 0 0], 	Ex = 4.58, 	t = 1.3694 msec, 	Position = 5
[0 0 0 0 0 0 0 0 0 0 2 0 0 0 0 1 0 0 0 0 0], 	Ex = 4.61, 	t = 1.3734 msec, 	Position = 5
[0 0 0 0 0 0 0 0 0 0 2 0 0 0 0 1 0 0 0 0 0], 	Ex = 4.63, 	t = 1.3774 msec, 	Position = 5
[0 0 0 0 0 0 0 0 0 0 2 0 0 0 0 1 0 0 0 0 0], 	Ex = 4.66, 	t = 1.3814 msec, 	Position = 5
[0 0 0 0 0 0 0 0 0 0 2 0 0 0 0 1 0 0 0 0 0], 	Ex = 4.68, 	t = 1.3854 msec, 	Position = 5
[0 0 0 0 0 0 0 0 0 0 2 0 0 0 0 1 0 0 0 0 0], 	Ex = 4.70, 	t = 1.3894 msec, 	Position = 5
[0 0 0 0 0 0 0 0 0 0 2 0 0 0 0 1 0 0 0 0 0], 	Ex = 4.72, 	t = 1.3934 msec, 	Position = 5
[0 0 0 0 0 0 0 0 0 0 2 0 0 0 0 1 0 0 0 0 0], 	Ex = 4.74, 	t = 1.3974 msec, 	Position = 5
[0 0 0 0 0 0 0 0 0 0 2 0 0 0 0 1 0 0 0 0 0], 	Ex = 4.76, 	t = 1.4014 msec, 	Position = 5
[0 0 0 0 0 0 0 0 0 0 2 0 0 0 0 1 0 0 0 0 0], 	Ex = 4.78, 	t = 1.4054 msec, 	Position = 5
[0 0 0 0 0 0 0 0 0 0 2 0 0 0 0 1 0 0 0 0 0], 	Ex = 4.80, 	t = 1.4094 msec, 	Position = 5
[0 0 0 0 0 0 0 0 0 0 2 0 0 0 0 1 0 0 0 0 0], 	Ex = 4.82, 	t = 1.4134 msec, 	Position = 5
[0 0 0 0 0 0 0 0 0 0 2 0 0 0 0 1 0 0 0 0 0], 	Ex = 4.83, 	t = 1.4174 msec, 	Position = 5
[0 0 0 0 0 0 0 0 0 0 2 0 0 0 0 1 0 0 0 0 0], 	Ex = 4.85, 	t = 1.4214 msec, 	Position = 5
[0 0 0 0 0 0 0 0 0 0 2 0 0 0 0 1 0 0 0 0 0], 	Ex = 4.86, 	t = 1.4254 msec, 	Position = 5
[0 0 0 0 0 0 0 0 0 0 2 0 0 0 0 1 0 0 0 0 0], 	Ex = 4.88, 	t = 1.4294 msec, 	Position = 5
[0 0 0 0 0 0 0 0 0 0 2 0 0 0 0 1 0 0 0 0 0], 	Ex = 4.89, 	t = 1.4334 msec, 	Position = 5
[0 0 0 0 0 0 0 0 0 0 2 0 0 0 0 1 0 0 0 0 0], 	Ex = 4.90, 	t = 1.4374 msec, 	Position = 5
[0 0 0 0 0 0 0 0 0 0 2 0 0 0 0 1 0 0 0 0 0], 	Ex = 4.92, 	t = 1.4414 msec, 	Position = 5
[0 0 0 0 0 0 0 0 0 0 2 0 0 0 0 1 0 0 0 0 0], 	Ex = 4.93, 	t = 1.4454 msec, 	Position = 5
[0 0 0 0 0 0 0 0 0 0 2 0 0 0 0 1 0 0 0 0 0], 	Ex = 4.94, 	t = 1.4494 msec, 	Position = 5
[0 0 0 0 0 0 0 0 0 0 2 0 0 0 0 1 0 0 0 0 0], 	Ex = 4.95, 	t = 1.4535 msec, 	Position = 5
[0 0 0 0 0 0 0 0 0 0 2 0 0 0 0 1 0 0 0 0 0], 	Ex = 4.96, 	t = 1.4575 msec, 	Position = 5
[0 0 0 0 0 0 0 0 0 0 2 0 0 0 0 1 0 0 0 0 0], 	Ex = 4.96, 	t = 1.4615 msec, 	Position = 5
[0 0 0 0 0 0 0 0 0 0 2 0 0 0 0 1 0 0 0 0 0], 	Ex = 4.97, 	t = 1.4655 msec, 	Position = 5
[0 0 0 0 0 0 0 0 0 0 2 0 0 0 0 1 0 0 0 0 0], 	Ex = 4.98, 	t = 1.4695 msec, 	Position = 5
[0 0 0 0 0 0 0 0 0 0 2 0 0 0 0 1 0 0 0 0 0], 	Ex = 4.98, 	t = 1.4735 msec, 	Position = 5
[0 0 0 0 0 0 0 0 0 0 2 0 0 0 0 1 0 0 0 0 0], 	Ex = 4.99, 	t = 1.4775 msec, 	Position = 5
[0 0 0 0 0 0 0 0 0 0 2 0 0 0 0 1 0 0 0 0 0], 	Ex = 4.99, 	t = 1.4815 msec, 	Position = 5
[0 0 0 0 0 0 0 0 0 0 2 0 0 0 0 1 0 0 0 0 0], 	Ex = 4.99, 	t = 1.4855 msec, 	Position = 5
[0 0 0 0 0 0 0 0 0 0 2 0 0 0 0 1 0 0 0 0 0], 	Ex = 5.00, 	t = 1.4895 msec, 	Position = 5
[0 0 0 0 0 0 0 0 0 0 2 0 0 0 0 1 0 0 0 0 0], 	Ex = 5.00, 	t = 1.4935 msec, 	Position = 5
[0 0 0 0 0 0 0 0 0 0 2 0 0 0 0 1 0 0 0 0 0], 	Ex = 5.00, 	t = 1.4975 msec, 	Position = 5
[0 0 0 0 0 0 0 0 0 0 2 0 0 0 0 1 0 0 0 0 0], 	Ex = 5.00, 	t = 1.5015 msec, 	Position = 5
[0 0 0 0 0 0 0 0 0 0 2 0 0 0 0 1 0 0 0 0 0], 	Ex = 5.00, 	t = 1.5055 msec, 	Position = 5
[0 0 0 0 0 0 0 0 0 0 2 0 0 0 0 1 0 0 0 0 0], 	Ex = 5.00, 	t = 1.5095 msec, 	Position = 5
[0 0 0 0 0 0 0 0 0 0 2 0 0 0 0 1 0 0 0 0 0], 	Ex = 5.00, 	t = 1.5135 msec, 	Position = 5
[0 0 0 0 0 0 0 0 0 0 2 0 0 0 0 1 0 0 0 0 0], 	Ex = 4.99, 	t = 1.5175 msec, 	Position = 5
[0 0 0 0 0 0 0 0 0 0 2 0 0 0 0 1 0 0 0 0 0], 	Ex = 4.99, 	t = 1.5215 msec, 	Position = 5
[0 0 0 0 0 0 0 0 0 0 2 0 0 0 0 1 0 0 0 0 0], 	Ex = 4.98, 	t = 1.5255 msec, 	Position = 5
[0 0 0 0 0 0 0 0 0 0 2 0 0 0 0 1 0 0 0 0 0], 	Ex = 4.98, 	t = 1.5295 msec, 	Position = 5
[0 0 0 0 0 0 0 0 0 0 2 0 0 0 0 1 0 0 0 0 0], 	Ex = 4.97, 	t = 1.5335 msec, 	Position = 5
[0 0 0 0 0 0 0 0 0 0 2 0 0 0 0 1 0 0 0 0 0], 	Ex = 4.97, 	t = 1.5375 msec, 	Position = 5
[0 0 0 0 0 0 0 0 0 0 2 0 0 0 0 1 0 0 0 0 0], 	Ex = 4.96, 	t = 1.5415 msec, 	Position = 5
[0 0 0 0 0 0 0 0 0 0 2 0 0 0 0 1 0 0 0 0 0], 	Ex = 4.95, 	t = 1.5455 msec, 	Position = 5
[0 0 0 0 0 0 0 0 0 0 2 0 0 0 0 1 0 0 0 0 0], 	Ex = 4.94, 	t = 1.5495 msec, 	Position = 5
[0 0 0 0 0 0 0 0 0 0 2 0 0 0 0 1 0 0 0 0 0], 	Ex = 4.93, 	t = 1.5536 msec, 	Position = 5
[0 0 0 0 0 0 0 0 0 0 2 0 0 0 0 1 0 0 0 0 0], 	Ex = 4.92, 	t = 1.5576 msec, 	Position = 5
[0 0 0 0 0 0 0 0 0 0 2 0 0 0 0 1 0 0 0 0 0], 	Ex = 4.91, 	t = 1.5616 msec, 	Position = 5
[0 0 0 0 0 0 0 0 0 0 2 0 0 0 0 1 0 0 0 0 0], 	Ex = 4.89, 	t = 1.5656 msec, 	Position = 5
[0 0 0 0 0 0 0 0 0 0 2 0 0 0 0 1 0 0 0 0 0], 	Ex = 4.88, 	t = 1.5696 msec, 	Position = 5
[0 0 0 0 0 0 0 0 0 0 2 0 0 0 0 1 0 0 0 0 0], 	Ex = 4.87, 	t = 1.5736 msec, 	Position = 5
[0 0 0 0 0 0 0 0 0 0 2 0 0 0 0 1 0 0 0 0 0], 	Ex = 4.85, 	t = 1.5776 msec, 	Position = 5
[0 0 0 0 0 0 0 0 0 0 2 0 0 0 0 1 0 0 0 0 0], 	Ex = 4.84, 	t = 1.5816 msec, 	Position = 5
[0 0 0 0 0 0 0 0 0 0 2 0 0 0 0 1 0 0 0 0 0], 	Ex = 4.82, 	t = 1.5856 msec, 	Position = 5
[0 0 0 0 0 0 0 0 0 0 2 0 0 0 0 1 0 0 0 0 0], 	Ex = 4.80, 	t = 1.5896 msec, 	Position = 5
[0 0 0 0 0 0 0 0 0 0 2 0 0 0 0 1 0 0 0 0 0], 	Ex = 4.79, 	t = 1.5936 msec, 	Position = 5
[0 0 0 0 0 0 0 0 0 0 2 0 0 0 0 1 0 0 0 0 0], 	Ex = 4.77, 	t = 1.5976 msec, 	Position = 5
[0 0 0 0 0 0 0 0 0 0 2 0 0 0 0 1 0 0 0 0 0], 	Ex = 4.75, 	t = 1.6016 msec, 	Position = 5
[0 0 0 0 0 0 0 0 0 0 2 0 0 0 0 1 0 0 0 0 0], 	Ex = 4.73, 	t = 1.6056 msec, 	Position = 5
[0 0 0 0 0 0 0 0 0 0 2 0 0 0 0 1 0 0 0 0 0], 	Ex = 4.71, 	t = 1.6096 msec, 	Position = 5
[0 0 0 0 0 0 0 0 0 0 2 0 0 0 0 1 0 0 0 0 0], 	Ex = 4.68, 	t = 1.6136 msec, 	Position = 5
[0 0 0 0 0 0 0 0 0 0 2 0 0 0 0 1 0 0 0 0 0], 	Ex = 4.66, 	t = 1.6176 msec, 	Position = 5
[0 0 0 0 0 0 0 0 0 0 2 0 0 0 0 1 0 0 0 0 0], 	Ex = 4.64, 	t = 1.6216 msec, 	Position = 5
[0 0 0 0 0 0 0 0 0 0 2 0 0 0 0 1 0 0 0 0 0], 	Ex = 4.62, 	t = 1.6256 msec, 	Position = 5
[0 0 0 0 0 0 0 0 0 0 2 0 0 0 0 1 0 0 0 0 0], 	Ex = 4.59, 	t = 1.6296 msec, 	Position = 5
[0 0 0 0 0 0 0 0 0 0 2 0 0 0 0 1 0 0 0 0 0], 	Ex = 4.57, 	t = 1.6336 msec, 	Position = 5
[0 0 0 0 0 0 0 0 0 0 2 0 0 0 0 1 0 0 0 0 0], 	Ex = 4.54, 	t = 1.6376 msec, 	Position = 5
[0 0 0 0 0 0 0 0 0 0 2 0 0 0 0 1 0 0 0 0 0], 	Ex = 4.51, 	t = 1.6416 msec, 	Position = 5
[0 0 0 0 0 0 0 0 0 0 2 0 0 0 0 1 0 0 0 0 0], 	Ex = 4.49, 	t = 1.6456 msec, 	Position = 5
[0 0 0 0 0 0 0 0 0 0 2 0 0 0 0 1 0 0 0 0 0], 	Ex = 4.46, 	t = 1.6496 msec, 	Position = 5
[0 0 0 0 0 0 0 0 0 0 2 0 0 0 0 1 0 0 0 0 0], 	Ex = 4.43, 	t = 1.6537 msec, 	Position = 5
[0 0 0 0 0 0 0 0 0 0 2 0 0 0 0 1 0 0 0 0 0], 	Ex = 4.40, 	t = 1.6577 msec, 	Position = 5
[0 0 0 0 0 0 0 0 0 0 2 0 0 0 0 1 0 0 0 0 0], 	Ex = 4.37, 	t = 1.6617 msec, 	Position = 5
[0 0 0 0 0 0 0 0 0 0 2 0 0 0 0 1 0 0 0 0 0], 	Ex = 4.34, 	t = 1.6657 msec, 	Position = 5
[0 0 0 0 0 0 0 0 0 0 2 0 0 0 0 1 0 0 0 0 0], 	Ex = 4.31, 	t = 1.6697 msec, 	Position = 5
[0 0 0 0 0 0 0 0 0 0 2 0 0 0 0 1 0 0 0 0 0], 	Ex = 4.27, 	t = 1.6737 msec, 	Position = 5
[0 0 0 0 0 0 0 0 0 0 2 0 0 0 0 1 0 0 0 0 0], 	Ex = 4.24, 	t = 1.6777 msec, 	Position = 5
[0 0 0 0 0 0 0 0 0 0 2 0 0 0 0 1 0 0 0 0 0], 	Ex = 4.21, 	t = 1.6817 msec, 	Position = 5
[0 0 0 0 0 0 0 0 0 0 2 0 0 0 0 1 0 0 0 0 0], 	Ex = 4.17, 	t = 1.6857 msec, 	Position = 5
[0 0 0 0 0 0 0 0 0 0 2 0 0 0 0 1 0 0 0 0 0], 	Ex = 4.14, 	t = 1.6897 msec, 	Position = 5
[0 0 0 0 0 0 0 0 0 0 2 0 0 0 0 1 0 0 0 0 0], 	Ex = 4.10, 	t = 1.6937 msec, 	Position = 5
[0 0 0 0 0 0 0 0 0 0 2 0 0 0 0 1 0 0 0 0 0], 	Ex = 4.07, 	t = 1.6977 msec, 	Position = 5
[0 0 0 0 0 0 0 0 0 0 2 0 0 0 0 1 0 0 0 0 0], 	Ex = 4.03, 	t = 1.7017 msec, 	Position = 5
[0 0 0 0 0 0 0 0 0 0 2 0 0 0 1 0 0 0 0 0 0], 	Ex = 3.99, 	t = 1.7057 msec, 	Position = 4
[0 0 0 0 0 0 0 0 0 0 2 0 0 0 1 0 0 0 0 0 0], 	Ex = 3.95, 	t = 1.7097 msec, 	Position = 4
[0 0 0 0 0 0 0 0 0 0 2 0 0 0 1 0 0 0 0 0 0], 	Ex = 3.91, 	t = 1.7137 msec, 	Position = 4
[0 0 0 0 0 0 0 0 0 0 2 0 0 0 1 0 0 0 0 0 0], 	Ex = 3.88, 	t = 1.7177 msec, 	Position = 4
[0 0 0 0 0 0 0 0 0 0 2 0 0 0 1 0 0 0 0 0 0], 	Ex = 3.84, 	t = 1.7217 msec, 	Position = 4
[0 0 0 0 0 0 0 0 0 0 2 0 0 0 1 0 0 0 0 0 0], 	Ex = 3.79, 	t = 1.7257 msec, 	Position = 4
[0 0 0 0 0 0 0 0 0 0 2 0 0 0 1 0 0 0 0 0 0], 	Ex = 3.75, 	t = 1.7297 msec, 	Position = 4
[0 0 0 0 0 0 0 0 0 0 2 0 0 0 1 0 0 0 0 0 0], 	Ex = 3.71, 	t = 1.7337 msec, 	Position = 4
[0 0 0 0 0 0 0 0 0 0 2 0 0 0 1 0 0 0 0 0 0], 	Ex = 3.67, 	t = 1.7377 msec, 	Position = 4
[0 0 0 0 0 0 0 0 0 0 2 0 0 0 1 0 0 0 0 0 0], 	Ex = 3.63, 	t = 1.7417 msec, 	Position = 4
[0 0 0 0 0 0 0 0 0 0 2 0 0 0 1 0 0 0 0 0 0], 	Ex = 3.58, 	t = 1.7457 msec, 	Position = 4
[0 0 0 0 0 0 0 0 0 0 2 0 0 0 1 0 0 0 0 0 0], 	Ex = 3.54, 	t = 1.7497 msec, 	Position = 4
[0 0 0 0 0 0 0 0 0 0 2 0 0 0 1 0 0 0 0 0 0], 	Ex = 3.49, 	t = 1.7538 msec, 	Position = 4
[0 0 0 0 0 0 0 0 0 0 2 0 0 0 1 0 0 0 0 0 0], 	Ex = 3.45, 	t = 1.7578 msec, 	Position = 4
[0 0 0 0 0 0 0 0 0 0 2 0 0 0 1 0 0 0 0 0 0], 	Ex = 3.40, 	t = 1.7618 msec, 	Position = 4
[0 0 0 0 0 0 0 0 0 0 2 0 0 0 1 0 0 0 0 0 0], 	Ex = 3.36, 	t = 1.7658 msec, 	Position = 4
[0 0 0 0 0 0 0 0 0 0 2 0 0 0 1 0 0 0 0 0 0], 	Ex = 3.31, 	t = 1.7698 msec, 	Position = 4
[0 0 0 0 0 0 0 0 0 0 2 0 0 0 1 0 0 0 0 0 0], 	Ex = 3.26, 	t = 1.7738 msec, 	Position = 4
[0 0 0 0 0 0 0 0 0 0 2 0 0 0 1 0 0 0 0 0 0], 	Ex = 3.21, 	t = 1.7778 msec, 	Position = 4
[0 0 0 0 0 0 0 0 0 0 2 0 0 0 1 0 0 0 0 0 0], 	Ex = 3.17, 	t = 1.7818 msec, 	Position = 4
[0 0 0 0 0 0 0 0 0 0 2 0 0 0 1 0 0 0 0 0 0], 	Ex = 3.12, 	t = 1.7858 msec, 	Position = 4
[0 0 0 0 0 0 0 0 0 0 2 0 0 0 1 0 0 0 0 0 0], 	Ex = 3.07, 	t = 1.7898 msec, 	Position = 4
[0 0 0 0 0 0 0 0 0 0 2 0 0 0 1 0 0 0 0 0 0], 	Ex = 3.02, 	t = 1.7938 msec, 	Position = 4
[0 0 0 0 0 0 0 0 0 0 2 0 0 1 0 0 0 0 0 0 0], 	Ex = 2.97, 	t = 1.7978 msec, 	Position = 3
[0 0 0 0 0 0 0 0 0 0 2 0 0 1 0 0 0 0 0 0 0], 	Ex = 2.92, 	t = 1.8018 msec, 	Position = 3
[0 0 0 0 0 0 0 0 0 0 2 0 0 1 0 0 0 0 0 0 0], 	Ex = 2.86, 	t = 1.8058 msec, 	Position = 3
[0 0 0 0 0 0 0 0 0 0 2 0 0 1 0 0 0 0 0 0 0], 	Ex = 2.81, 	t = 1.8098 msec, 	Position = 3
[0 0 0 0 0 0 0 0 0 0 2 0 0 1 0 0 0 0 0 0 0], 	Ex = 2.76, 	t = 1.8138 msec, 	Position = 3
[0 0 0 0 0 0 0 0 0 0 2 0 0 1 0 0 0 0 0 0 0], 	Ex = 2.71, 	t = 1.8178 msec, 	Position = 3
[0 0 0 0 0 0 0 0 0 0 2 0 0 1 0 0 0 0 0 0 0], 	Ex = 2.65, 	t = 1.8218 msec, 	Position = 3
[0 0 0 0 0 0 0 0 0 0 2 0 0 1 0 0 0 0 0 0 0], 	Ex = 2.60, 	t = 1.8258 msec, 	Position = 3
[0 0 0 0 0 0 0 0 0 0 2 0 0 1 0 0 0 0 0 0 0], 	Ex = 2.55, 	t = 1.8298 msec, 	Position = 3
[0 0 0 0 0 0 0 0 0 0 2 0 0 1 0 0 0 0 0 0 0], 	Ex = 2.49, 	t = 1.8338 msec, 	Position = 3
[0 0 0 0 0 0 0 0 0 0 2 0 0 1 0 0 0 0 0 0 0], 	Ex = 2.44, 	t = 1.8378 msec, 	Position = 3
[0 0 0 0 0 0 0 0 0 0 2 0 0 1 0 0 0 0 0 0 0], 	Ex = 2.38, 	t = 1.8418 msec, 	Position = 3
[0 0 0 0 0 0 0 0 0 0 2 0 0 1 0 0 0 0 0 0 0], 	Ex = 2.33, 	t = 1.8458 msec, 	Position = 3
[0 0 0 0 0 0 0 0 0 0 2 0 0 1 0 0 0 0 0 0 0], 	Ex = 2.27, 	t = 1.8498 msec, 	Position = 3
[0 0 0 0 0 0 0 0 0 0 2 0 0 1 0 0 0 0 0 0 0], 	Ex = 2.22, 	t = 1.8539 msec, 	Position = 3
[0 0 0 0 0 0 0 0 0 0 2 0 0 1 0 0 0 0 0 0 0], 	Ex = 2.16, 	t = 1.8579 msec, 	Position = 3
[0 0 0 0 0 0 0 0 0 0 2 0 0 1 0 0 0 0 0 0 0], 	Ex = 2.10, 	t = 1.8619 msec, 	Position = 3
[0 0 0 0 0 0 0 0 0 0 2 0 0 1 0 0 0 0 0 0 0], 	Ex = 2.05, 	t = 1.8659 msec, 	Position = 3
[0 0 0 0 0 0 0 0 0 0 2 0 1 0 0 0 0 0 0 0 0], 	Ex = 1.99, 	t = 1.8699 msec, 	Position = 2
[0 0 0 0 0 0 0 0 0 0 2 0 1 0 0 0 0 0 0 0 0], 	Ex = 1.93, 	t = 1.8739 msec, 	Position = 2
[0 0 0 0 0 0 0 0 0 0 2 0 1 0 0 0 0 0 0 0 0], 	Ex = 1.87, 	t = 1.8779 msec, 	Position = 2
[0 0 0 0 0 0 0 0 0 0 2 0 1 0 0 0 0 0 0 0 0], 	Ex = 1.81, 	t = 1.8819 msec, 	Position = 2
[0 0 0 0 0 0 0 0 0 0 2 0 1 0 0 0 0 0 0 0 0], 	Ex = 1.75, 	t = 1.8859 msec, 	Position = 2
[0 0 0 0 0 0 0 0 0 0 2 0 1 0 0 0 0 0 0 0 0], 	Ex = 1.70, 	t = 1.8899 msec, 	Position = 2
[0 0 0 0 0 0 0 0 0 0 2 0 1 0 0 0 0 0 0 0 0], 	Ex = 1.64, 	t = 1.8939 msec, 	Position = 2
[0 0 0 0 0 0 0 0 0 0 2 0 1 0 0 0 0 0 0 0 0], 	Ex = 1.58, 	t = 1.8979 msec, 	Position = 2
[0 0 0 0 0 0 0 0 0 0 2 0 1 0 0 0 0 0 0 0 0], 	Ex = 1.52, 	t = 1.9019 msec, 	Position = 2
[0 0 0 0 0 0 0 0 0 0 2 0 1 0 0 0 0 0 0 0 0], 	Ex = 1.46, 	t = 1.9059 msec, 	Position = 2
[0 0 0 0 0 0 0 0 0 0 2 0 1 0 0 0 0 0 0 0 0], 	Ex = 1.40, 	t = 1.9099 msec, 	Position = 2
[0 0 0 0 0 0 0 0 0 0 2 0 1 0 0 0 0 0 0 0 0], 	Ex = 1.34, 	t = 1.9139 msec, 	Position = 2
[0 0 0 0 0 0 0 0 0 0 2 0 1 0 0 0 0 0 0 0 0], 	Ex = 1.28, 	t = 1.9179 msec, 	Position = 2
[0 0 0 0 0 0 0 0 0 0 2 0 1 0 0 0 0 0 0 0 0], 	Ex = 1.21, 	t = 1.9219 msec, 	Position = 2
[0 0 0 0 0 0 0 0 0 0 2 0 1 0 0 0 0 0 0 0 0], 	Ex = 1.15, 	t = 1.9259 msec, 	Position = 2
[0 0 0 0 0 0 0 0 0 0 2 0 1 0 0 0 0 0 0 0 0], 	Ex = 1.09, 	t = 1.9299 msec, 	Position = 2
[0 0 0 0 0 0 0 0 0 0 2 0 1 0 0 0 0 0 0 0 0], 	Ex = 1.03, 	t = 1.9339 msec, 	Position = 2
[0 0 0 0 0 0 0 0 0 0 2 1 0 0 0 0 0 0 0 0 0], 	Ex = 0.97, 	t = 1.9379 msec, 	Position = 1
[0 0 0 0 0 0 0 0 0 0 2 1 0 0 0 0 0 0 0 0 0], 	Ex = 0.91, 	t = 1.9419 msec, 	Position = 1
[0 0 0 0 0 0 0 0 0 0 2 1 0 0 0 0 0 0 0 0 0], 	Ex = 0.85, 	t = 1.9459 msec, 	Position = 1
[0 0 0 0 0 0 0 0 0 0 2 1 0 0 0 0 0 0 0 0 0], 	Ex = 0.78, 	t = 1.9499 msec, 	Position = 1
[0 0 0 0 0 0 0 0 0 0 2 1 0 0 0 0 0 0 0 0 0], 	Ex = 0.72, 	t = 1.9540 msec, 	Position = 1
[0 0 0 0 0 0 0 0 0 0 2 1 0 0 0 0 0 0 0 0 0], 	Ex = 0.66, 	t = 1.9580 msec, 	Position = 1
[0 0 0 0 0 0 0 0 0 0 2 1 0 0 0 0 0 0 0 0 0], 	Ex = 0.60, 	t = 1.9620 msec, 	Position = 1
[0 0 0 0 0 0 0 0 0 0 2 1 0 0 0 0 0 0 0 0 0], 	Ex = 0.53, 	t = 1.9660 msec, 	Position = 1
[0 0 0 0 0 0 0 0 0 0 2 1 0 0 0 0 0 0 0 0 0], 	Ex = 0.47, 	t = 1.9700 msec, 	Position = 1
[0 0 0 0 0 0 0 0 0 0 2 1 0 0 0 0 0 0 0 0 0], 	Ex = 0.41, 	t = 1.9740 msec, 	Position = 1
[0 0 0 0 0 0 0 0 0 0 2 1 0 0 0 0 0 0 0 0 0], 	Ex = 0.35, 	t = 1.9780 msec, 	Position = 1
[0 0 0 0 0 0 0 0 0 0 2 1 0 0 0 0 0 0 0 0 0], 	Ex = 0.28, 	t = 1.9820 msec, 	Position = 1
[0 0 0 0 0 0 0 0 0 0 2 1 0 0 0 0 0 0 0 0 0], 	Ex = 0.22, 	t = 1.9860 msec, 	Position = 1
[0 0 0 0 0 0 0 0 0 0 2 1 0 0 0 0 0 0 0 0 0], 	Ex = 0.16, 	t = 1.9900 msec, 	Position = 1
[0 0 0 0 0 0 0 0 0 0 2 1 0 0 0 0 0 0 0 0 0], 	Ex = 0.09, 	t = 1.9940 msec, 	Position = 1
[0 0 0 0 0 0 0 0 0 0 2 1 0 0 0 0 0 0 0 0 0], 	Ex = 0.03, 	t = 1.9980 msec, 	Position = 1
[0 0 0 0 0 0 0 0 0 1 2 0 0 0 0 0 0 0 0 0 0], 	Ex = -0.03, 	t = 2.0020 msec, 	Position = -1
[0 0 0 0 0 0 0 0 0 1 2 0 0 0 0 0 0 0 0 0 0], 	Ex = -0.09, 	t = 2.0060 msec, 	Position = -1
[0 0 0 0 0 0 0 0 0 1 2 0 0 0 0 0 0 0 0 0 0], 	Ex = -0.16, 	t = 2.0100 msec, 	Position = -1
[0 0 0 0 0 0 0 0 0 1 2 0 0 0 0 0 0 0 0 0 0], 	Ex = -0.22, 	t = 2.0140 msec, 	Position = -1
[0 0 0 0 0 0 0 0 0 1 2 0 0 0 0 0 0 0 0 0 0], 	Ex = -0.28, 	t = 2.0180 msec, 	Position = -1
[0 0 0 0 0 0 0 0 0 1 2 0 0 0 0 0 0 0 0 0 0], 	Ex = -0.35, 	t = 2.0220 msec, 	Position = -1
[0 0 0 0 0 0 0 0 0 1 2 0 0 0 0 0 0 0 0 0 0], 	Ex = -0.41, 	t = 2.0260 msec, 	Position = -1
[0 0 0 0 0 0 0 0 0 1 2 0 0 0 0 0 0 0 0 0 0], 	Ex = -0.47, 	t = 2.0300 msec, 	Position = -1
[0 0 0 0 0 0 0 0 0 1 2 0 0 0 0 0 0 0 0 0 0], 	Ex = -0.53, 	t = 2.0340 msec, 	Position = -1
[0 0 0 0 0 0 0 0 0 1 2 0 0 0 0 0 0 0 0 0 0], 	Ex = -0.60, 	t = 2.0380 msec, 	Position = -1
[0 0 0 0 0 0 0 0 0 1 2 0 0 0 0 0 0 0 0 0 0], 	Ex = -0.66, 	t = 2.0420 msec, 	Position = -1
[0 0 0 0 0 0 0 0 0 1 2 0 0 0 0 0 0 0 0 0 0], 	Ex = -0.72, 	t = 2.0460 msec, 	Position = -1
[0 0 0 0 0 0 0 0 0 1 2 0 0 0 0 0 0 0 0 0 0], 	Ex = -0.78, 	t = 2.0501 msec, 	Position = -1
[0 0 0 0 0 0 0 0 0 1 2 0 0 0 0 0 0 0 0 0 0], 	Ex = -0.85, 	t = 2.0541 msec, 	Position = -1
[0 0 0 0 0 0 0 0 0 1 2 0 0 0 0 0 0 0 0 0 0], 	Ex = -0.91, 	t = 2.0581 msec, 	Position = -1
[0 0 0 0 0 0 0 0 0 1 2 0 0 0 0 0 0 0 0 0 0], 	Ex = -0.97, 	t = 2.0621 msec, 	Position = -1
[0 0 0 0 0 0 0 0 1 0 2 0 0 0 0 0 0 0 0 0 0], 	Ex = -1.03, 	t = 2.0661 msec, 	Position = -2
[0 0 0 0 0 0 0 0 1 0 2 0 0 0 0 0 0 0 0 0 0], 	Ex = -1.09, 	t = 2.0701 msec, 	Position = -2
[0 0 0 0 0 0 0 0 1 0 2 0 0 0 0 0 0 0 0 0 0], 	Ex = -1.15, 	t = 2.0741 msec, 	Position = -2
[0 0 0 0 0 0 0 0 1 0 2 0 0 0 0 0 0 0 0 0 0], 	Ex = -1.21, 	t = 2.0781 msec, 	Position = -2
[0 0 0 0 0 0 0 0 1 0 2 0 0 0 0 0 0 0 0 0 0], 	Ex = -1.28, 	t = 2.0821 msec, 	Position = -2
[0 0 0 0 0 0 0 0 1 0 2 0 0 0 0 0 0 0 0 0 0], 	Ex = -1.34, 	t = 2.0861 msec, 	Position = -2
[0 0 0 0 0 0 0 0 1 0 2 0 0 0 0 0 0 0 0 0 0], 	Ex = -1.40, 	t = 2.0901 msec, 	Position = -2
[0 0 0 0 0 0 0 0 1 0 2 0 0 0 0 0 0 0 0 0 0], 	Ex = -1.46, 	t = 2.0941 msec, 	Position = -2
[0 0 0 0 0 0 0 0 1 0 2 0 0 0 0 0 0 0 0 0 0], 	Ex = -1.52, 	t = 2.0981 msec, 	Position = -2
[0 0 0 0 0 0 0 0 1 0 2 0 0 0 0 0 0 0 0 0 0], 	Ex = -1.58, 	t = 2.1021 msec, 	Position = -2
[0 0 0 0 0 0 0 0 1 0 2 0 0 0 0 0 0 0 0 0 0], 	Ex = -1.64, 	t = 2.1061 msec, 	Position = -2
[0 0 0 0 0 0 0 0 1 0 2 0 0 0 0 0 0 0 0 0 0], 	Ex = -1.70, 	t = 2.1101 msec, 	Position = -2
[0 0 0 0 0 0 0 0 1 0 2 0 0 0 0 0 0 0 0 0 0], 	Ex = -1.75, 	t = 2.1141 msec, 	Position = -2
[0 0 0 0 0 0 0 0 1 0 2 0 0 0 0 0 0 0 0 0 0], 	Ex = -1.81, 	t = 2.1181 msec, 	Position = -2
[0 0 0 0 0 0 0 0 1 0 2 0 0 0 0 0 0 0 0 0 0], 	Ex = -1.87, 	t = 2.1221 msec, 	Position = -2
[0 0 0 0 0 0 0 0 1 0 2 0 0 0 0 0 0 0 0 0 0], 	Ex = -1.93, 	t = 2.1261 msec, 	Position = -2
[0 0 0 0 0 0 0 0 1 0 2 0 0 0 0 0 0 0 0 0 0], 	Ex = -1.99, 	t = 2.1301 msec, 	Position = -2
[0 0 0 0 0 0 0 1 0 0 2 0 0 0 0 0 0 0 0 0 0], 	Ex = -2.05, 	t = 2.1341 msec, 	Position = -3
[0 0 0 0 0 0 0 1 0 0 2 0 0 0 0 0 0 0 0 0 0], 	Ex = -2.10, 	t = 2.1381 msec, 	Position = -3
[0 0 0 0 0 0 0 1 0 0 2 0 0 0 0 0 0 0 0 0 0], 	Ex = -2.16, 	t = 2.1421 msec, 	Position = -3
[0 0 0 0 0 0 0 1 0 0 2 0 0 0 0 0 0 0 0 0 0], 	Ex = -2.22, 	t = 2.1461 msec, 	Position = -3
[0 0 0 0 0 0 0 1 0 0 2 0 0 0 0 0 0 0 0 0 0], 	Ex = -2.27, 	t = 2.1502 msec, 	Position = -3
[0 0 0 0 0 0 0 1 0 0 2 0 0 0 0 0 0 0 0 0 0], 	Ex = -2.33, 	t = 2.1542 msec, 	Position = -3
[0 0 0 0 0 0 0 1 0 0 2 0 0 0 0 0 0 0 0 0 0], 	Ex = -2.38, 	t = 2.1582 msec, 	Position = -3
[0 0 0 0 0 0 0 1 0 0 2 0 0 0 0 0 0 0 0 0 0], 	Ex = -2.44, 	t = 2.1622 msec, 	Position = -3
[0 0 0 0 0 0 0 1 0 0 2 0 0 0 0 0 0 0 0 0 0], 	Ex = -2.49, 	t = 2.1662 msec, 	Position = -3
[0 0 0 0 0 0 0 1 0 0 2 0 0 0 0 0 0 0 0 0 0], 	Ex = -2.55, 	t = 2.1702 msec, 	Position = -3
[0 0 0 0 0 0 0 1 0 0 2 0 0 0 0 0 0 0 0 0 0], 	Ex = -2.60, 	t = 2.1742 msec, 	Position = -3
[0 0 0 0 0 0 0 1 0 0 2 0 0 0 0 0 0 0 0 0 0], 	Ex = -2.65, 	t = 2.1782 msec, 	Position = -3
[0 0 0 0 0 0 0 1 0 0 2 0 0 0 0 0 0 0 0 0 0], 	Ex = -2.71, 	t = 2.1822 msec, 	Position = -3
[0 0 0 0 0 0 0 1 0 0 2 0 0 0 0 0 0 0 0 0 0], 	Ex = -2.76, 	t = 2.1862 msec, 	Position = -3
[0 0 0 0 0 0 0 1 0 0 2 0 0 0 0 0 0 0 0 0 0], 	Ex = -2.81, 	t = 2.1902 msec, 	Position = -3
[0 0 0 0 0 0 0 1 0 0 2 0 0 0 0 0 0 0 0 0 0], 	Ex = -2.86, 	t = 2.1942 msec, 	Position = -3
[0 0 0 0 0 0 0 1 0 0 2 0 0 0 0 0 0 0 0 0 0], 	Ex = -2.92, 	t = 2.1982 msec, 	Position = -3
[0 0 0 0 0 0 0 1 0 0 2 0 0 0 0 0 0 0 0 0 0], 	Ex = -2.97, 	t = 2.2022 msec, 	Position = -3
[0 0 0 0 0 0 1 0 0 0 2 0 0 0 0 0 0 0 0 0 0], 	Ex = -3.02, 	t = 2.2062 msec, 	Position = -4
[0 0 0 0 0 0 1 0 0 0 2 0 0 0 0 0 0 0 0 0 0], 	Ex = -3.07, 	t = 2.2102 msec, 	Position = -4
[0 0 0 0 0 0 1 0 0 0 2 0 0 0 0 0 0 0 0 0 0], 	Ex = -3.12, 	t = 2.2142 msec, 	Position = -4
[0 0 0 0 0 0 1 0 0 0 2 0 0 0 0 0 0 0 0 0 0], 	Ex = -3.17, 	t = 2.2182 msec, 	Position = -4
[0 0 0 0 0 0 1 0 0 0 2 0 0 0 0 0 0 0 0 0 0], 	Ex = -3.21, 	t = 2.2222 msec, 	Position = -4
[0 0 0 0 0 0 1 0 0 0 2 0 0 0 0 0 0 0 0 0 0], 	Ex = -3.26, 	t = 2.2262 msec, 	Position = -4
[0 0 0 0 0 0 1 0 0 0 2 0 0 0 0 0 0 0 0 0 0], 	Ex = -3.31, 	t = 2.2302 msec, 	Position = -4
[0 0 0 0 0 0 1 0 0 0 2 0 0 0 0 0 0 0 0 0 0], 	Ex = -3.36, 	t = 2.2342 msec, 	Position = -4
[0 0 0 0 0 0 1 0 0 0 2 0 0 0 0 0 0 0 0 0 0], 	Ex = -3.40, 	t = 2.2382 msec, 	Position = -4
[0 0 0 0 0 0 1 0 0 0 2 0 0 0 0 0 0 0 0 0 0], 	Ex = -3.45, 	t = 2.2422 msec, 	Position = -4
[0 0 0 0 0 0 1 0 0 0 2 0 0 0 0 0 0 0 0 0 0], 	Ex = -3.49, 	t = 2.2462 msec, 	Position = -4
[0 0 0 0 0 0 1 0 0 0 2 0 0 0 0 0 0 0 0 0 0], 	Ex = -3.54, 	t = 2.2503 msec, 	Position = -4
[0 0 0 0 0 0 1 0 0 0 2 0 0 0 0 0 0 0 0 0 0], 	Ex = -3.58, 	t = 2.2543 msec, 	Position = -4
[0 0 0 0 0 0 1 0 0 0 2 0 0 0 0 0 0 0 0 0 0], 	Ex = -3.63, 	t = 2.2583 msec, 	Position = -4
[0 0 0 0 0 0 1 0 0 0 2 0 0 0 0 0 0 0 0 0 0], 	Ex = -3.67, 	t = 2.2623 msec, 	Position = -4
[0 0 0 0 0 0 1 0 0 0 2 0 0 0 0 0 0 0 0 0 0], 	Ex = -3.71, 	t = 2.2663 msec, 	Position = -4
[0 0 0 0 0 0 1 0 0 0 2 0 0 0 0 0 0 0 0 0 0], 	Ex = -3.75, 	t = 2.2703 msec, 	Position = -4
[0 0 0 0 0 0 1 0 0 0 2 0 0 0 0 0 0 0 0 0 0], 	Ex = -3.79, 	t = 2.2743 msec, 	Position = -4
[0 0 0 0 0 0 1 0 0 0 2 0 0 0 0 0 0 0 0 0 0], 	Ex = -3.84, 	t = 2.2783 msec, 	Position = -4
[0 0 0 0 0 0 1 0 0 0 2 0 0 0 0 0 0 0 0 0 0], 	Ex = -3.88, 	t = 2.2823 msec, 	Position = -4
[0 0 0 0 0 0 1 0 0 0 2 0 0 0 0 0 0 0 0 0 0], 	Ex = -3.91, 	t = 2.2863 msec, 	Position = -4
[0 0 0 0 0 0 1 0 0 0 2 0 0 0 0 0 0 0 0 0 0], 	Ex = -3.95, 	t = 2.2903 msec, 	Position = -4
[0 0 0 0 0 0 1 0 0 0 2 0 0 0 0 0 0 0 0 0 0], 	Ex = -3.99, 	t = 2.2943 msec, 	Position = -4
[0 0 0 0 0 1 0 0 0 0 2 0 0 0 0 0 0 0 0 0 0], 	Ex = -4.03, 	t = 2.2983 msec, 	Position = -5
[0 0 0 0 0 1 0 0 0 0 2 0 0 0 0 0 0 0 0 0 0], 	Ex = -4.07, 	t = 2.3023 msec, 	Position = -5
[0 0 0 0 0 1 0 0 0 0 2 0 0 0 0 0 0 0 0 0 0], 	Ex = -4.10, 	t = 2.3063 msec, 	Position = -5
[0 0 0 0 0 1 0 0 0 0 2 0 0 0 0 0 0 0 0 0 0], 	Ex = -4.14, 	t = 2.3103 msec, 	Position = -5
[0 0 0 0 0 1 0 0 0 0 2 0 0 0 0 0 0 0 0 0 0], 	Ex = -4.17, 	t = 2.3143 msec, 	Position = -5
[0 0 0 0 0 1 0 0 0 0 2 0 0 0 0 0 0 0 0 0 0], 	Ex = -4.21, 	t = 2.3183 msec, 	Position = -5
[0 0 0 0 0 1 0 0 0 0 2 0 0 0 0 0 0 0 0 0 0], 	Ex = -4.24, 	t = 2.3223 msec, 	Position = -5
[0 0 0 0 0 1 0 0 0 0 2 0 0 0 0 0 0 0 0 0 0], 	Ex = -4.27, 	t = 2.3263 msec, 	Position = -5
[0 0 0 0 0 1 0 0 0 0 2 0 0 0 0 0 0 0 0 0 0], 	Ex = -4.31, 	t = 2.3303 msec, 	Position = -5
[0 0 0 0 0 1 0 0 0 0 2 0 0 0 0 0 0 0 0 0 0], 	Ex = -4.34, 	t = 2.3343 msec, 	Position = -5
[0 0 0 0 0 1 0 0 0 0 2 0 0 0 0 0 0 0 0 0 0], 	Ex = -4.37, 	t = 2.3383 msec, 	Position = -5
[0 0 0 0 0 1 0 0 0 0 2 0 0 0 0 0 0 0 0 0 0], 	Ex = -4.40, 	t = 2.3423 msec, 	Position = -5
[0 0 0 0 0 1 0 0 0 0 2 0 0 0 0 0 0 0 0 0 0], 	Ex = -4.43, 	t = 2.3463 msec, 	Position = -5
[0 0 0 0 0 1 0 0 0 0 2 0 0 0 0 0 0 0 0 0 0], 	Ex = -4.46, 	t = 2.3504 msec, 	Position = -5
[0 0 0 0 0 1 0 0 0 0 2 0 0 0 0 0 0 0 0 0 0], 	Ex = -4.49, 	t = 2.3544 msec, 	Position = -5
[0 0 0 0 0 1 0 0 0 0 2 0 0 0 0 0 0 0 0 0 0], 	Ex = -4.51, 	t = 2.3584 msec, 	Position = -5
[0 0 0 0 0 1 0 0 0 0 2 0 0 0 0 0 0 0 0 0 0], 	Ex = -4.54, 	t = 2.3624 msec, 	Position = -5
[0 0 0 0 0 1 0 0 0 0 2 0 0 0 0 0 0 0 0 0 0], 	Ex = -4.57, 	t = 2.3664 msec, 	Position = -5
[0 0 0 0 0 1 0 0 0 0 2 0 0 0 0 0 0 0 0 0 0], 	Ex = -4.59, 	t = 2.3704 msec, 	Position = -5
[0 0 0 0 0 1 0 0 0 0 2 0 0 0 0 0 0 0 0 0 0], 	Ex = -4.62, 	t = 2.3744 msec, 	Position = -5
[0 0 0 0 0 1 0 0 0 0 2 0 0 0 0 0 0 0 0 0 0], 	Ex = -4.64, 	t = 2.3784 msec, 	Position = -5
[0 0 0 0 0 1 0 0 0 0 2 0 0 0 0 0 0 0 0 0 0], 	Ex = -4.66, 	t = 2.3824 msec, 	Position = -5
[0 0 0 0 0 1 0 0 0 0 2 0 0 0 0 0 0 0 0 0 0], 	Ex = -4.68, 	t = 2.3864 msec, 	Position = -5
[0 0 0 0 0 1 0 0 0 0 2 0 0 0 0 0 0 0 0 0 0], 	Ex = -4.71, 	t = 2.3904 msec, 	Position = -5
[0 0 0 0 0 1 0 0 0 0 2 0 0 0 0 0 0 0 0 0 0], 	Ex = -4.73, 	t = 2.3944 msec, 	Position = -5
[0 0 0 0 0 1 0 0 0 0 2 0 0 0 0 0 0 0 0 0 0], 	Ex = -4.75, 	t = 2.3984 msec, 	Position = -5
[0 0 0 0 0 1 0 0 0 0 2 0 0 0 0 0 0 0 0 0 0], 	Ex = -4.77, 	t = 2.4024 msec, 	Position = -5
[0 0 0 0 0 1 0 0 0 0 2 0 0 0 0 0 0 0 0 0 0], 	Ex = -4.79, 	t = 2.4064 msec, 	Position = -5
[0 0 0 0 0 1 0 0 0 0 2 0 0 0 0 0 0 0 0 0 0], 	Ex = -4.80, 	t = 2.4104 msec, 	Position = -5
[0 0 0 0 0 1 0 0 0 0 2 0 0 0 0 0 0 0 0 0 0], 	Ex = -4.82, 	t = 2.4144 msec, 	Position = -5
[0 0 0 0 0 1 0 0 0 0 2 0 0 0 0 0 0 0 0 0 0], 	Ex = -4.84, 	t = 2.4184 msec, 	Position = -5
[0 0 0 0 0 1 0 0 0 0 2 0 0 0 0 0 0 0 0 0 0], 	Ex = -4.85, 	t = 2.4224 msec, 	Position = -5
[0 0 0 0 0 1 0 0 0 0 2 0 0 0 0 0 0 0 0 0 0], 	Ex = -4.87, 	t = 2.4264 msec, 	Position = -5
[0 0 0 0 0 1 0 0 0 0 2 0 0 0 0 0 0 0 0 0 0], 	Ex = -4.88, 	t = 2.4304 msec, 	Position = -5
[0 0 0 0 0 1 0 0 0 0 2 0 0 0 0 0 0 0 0 0 0], 	Ex = -4.89, 	t = 2.4344 msec, 	Position = -5
[0 0 0 0 0 1 0 0 0 0 2 0 0 0 0 0 0 0 0 0 0], 	Ex = -4.91, 	t = 2.4384 msec, 	Position = -5
[0 0 0 0 0 1 0 0 0 0 2 0 0 0 0 0 0 0 0 0 0], 	Ex = -4.92, 	t = 2.4424 msec, 	Position = -5
[0 0 0 0 0 1 0 0 0 0 2 0 0 0 0 0 0 0 0 0 0], 	Ex = -4.93, 	t = 2.4464 msec, 	Position = -5
[0 0 0 0 0 1 0 0 0 0 2 0 0 0 0 0 0 0 0 0 0], 	Ex = -4.94, 	t = 2.4505 msec, 	Position = -5
[0 0 0 0 0 1 0 0 0 0 2 0 0 0 0 0 0 0 0 0 0], 	Ex = -4.95, 	t = 2.4545 msec, 	Position = -5
[0 0 0 0 0 1 0 0 0 0 2 0 0 0 0 0 0 0 0 0 0], 	Ex = -4.96, 	t = 2.4585 msec, 	Position = -5
[0 0 0 0 0 1 0 0 0 0 2 0 0 0 0 0 0 0 0 0 0], 	Ex = -4.97, 	t = 2.4625 msec, 	Position = -5
[0 0 0 0 0 1 0 0 0 0 2 0 0 0 0 0 0 0 0 0 0], 	Ex = -4.97, 	t = 2.4665 msec, 	Position = -5
[0 0 0 0 0 1 0 0 0 0 2 0 0 0 0 0 0 0 0 0 0], 	Ex = -4.98, 	t = 2.4705 msec, 	Position = -5
[0 0 0 0 0 1 0 0 0 0 2 0 0 0 0 0 0 0 0 0 0], 	Ex = -4.98, 	t = 2.4745 msec, 	Position = -5
[0 0 0 0 0 1 0 0 0 0 2 0 0 0 0 0 0 0 0 0 0], 	Ex = -4.99, 	t = 2.4785 msec, 	Position = -5
[0 0 0 0 0 1 0 0 0 0 2 0 0 0 0 0 0 0 0 0 0], 	Ex = -4.99, 	t = 2.4825 msec, 	Position = -5
[0 0 0 0 0 1 0 0 0 0 2 0 0 0 0 0 0 0 0 0 0], 	Ex = -5.00, 	t = 2.4865 msec, 	Position = -5
[0 0 0 0 0 1 0 0 0 0 2 0 0 0 0 0 0 0 0 0 0], 	Ex = -5.00, 	t = 2.4905 msec, 	Position = -5
[0 0 0 0 0 1 0 0 0 0 2 0 0 0 0 0 0 0 0 0 0], 	Ex = -5.00, 	t = 2.4945 msec, 	Position = -5
[0 0 0 0 0 1 0 0 0 0 2 0 0 0 0 0 0 0 0 0 0], 	Ex = -5.00, 	t = 2.4985 msec, 	Position = -5
[0 0 0 0 0 1 0 0 0 0 2 0 0 0 0 0 0 0 0 0 0], 	Ex = -5.00, 	t = 2.5025 msec, 	Position = -5
[0 0 0 0 0 1 0 0 0 0 2 0 0 0 0 0 0 0 0 0 0], 	Ex = -5.00, 	t = 2.5065 msec, 	Position = -5
[0 0 0 0 0 1 0 0 0 0 2 0 0 0 0 0 0 0 0 0 0], 	Ex = -5.00, 	t = 2.5105 msec, 	Position = -5
[0 0 0 0 0 1 0 0 0 0 2 0 0 0 0 0 0 0 0 0 0], 	Ex = -4.99, 	t = 2.5145 msec, 	Position = -5
[0 0 0 0 0 1 0 0 0 0 2 0 0 0 0 0 0 0 0 0 0], 	Ex = -4.99, 	t = 2.5185 msec, 	Position = -5
[0 0 0 0 0 1 0 0 0 0 2 0 0 0 0 0 0 0 0 0 0], 	Ex = -4.99, 	t = 2.5225 msec, 	Position = -5
[0 0 0 0 0 1 0 0 0 0 2 0 0 0 0 0 0 0 0 0 0], 	Ex = -4.98, 	t = 2.5265 msec, 	Position = -5
[0 0 0 0 0 1 0 0 0 0 2 0 0 0 0 0 0 0 0 0 0], 	Ex = -4.98, 	t = 2.5305 msec, 	Position = -5
[0 0 0 0 0 1 0 0 0 0 2 0 0 0 0 0 0 0 0 0 0], 	Ex = -4.97, 	t = 2.5345 msec, 	Position = -5
[0 0 0 0 0 1 0 0 0 0 2 0 0 0 0 0 0 0 0 0 0], 	Ex = -4.96, 	t = 2.5385 msec, 	Position = -5
[0 0 0 0 0 1 0 0 0 0 2 0 0 0 0 0 0 0 0 0 0], 	Ex = -4.96, 	t = 2.5425 msec, 	Position = -5
[0 0 0 0 0 1 0 0 0 0 2 0 0 0 0 0 0 0 0 0 0], 	Ex = -4.95, 	t = 2.5465 msec, 	Position = -5
[0 0 0 0 0 1 0 0 0 0 2 0 0 0 0 0 0 0 0 0 0], 	Ex = -4.94, 	t = 2.5506 msec, 	Position = -5
[0 0 0 0 0 1 0 0 0 0 2 0 0 0 0 0 0 0 0 0 0], 	Ex = -4.93, 	t = 2.5546 msec, 	Position = -5
[0 0 0 0 0 1 0 0 0 0 2 0 0 0 0 0 0 0 0 0 0], 	Ex = -4.92, 	t = 2.5586 msec, 	Position = -5
[0 0 0 0 0 1 0 0 0 0 2 0 0 0 0 0 0 0 0 0 0], 	Ex = -4.90, 	t = 2.5626 msec, 	Position = -5
[0 0 0 0 0 1 0 0 0 0 2 0 0 0 0 0 0 0 0 0 0], 	Ex = -4.89, 	t = 2.5666 msec, 	Position = -5
[0 0 0 0 0 1 0 0 0 0 2 0 0 0 0 0 0 0 0 0 0], 	Ex = -4.88, 	t = 2.5706 msec, 	Position = -5
[0 0 0 0 0 1 0 0 0 0 2 0 0 0 0 0 0 0 0 0 0], 	Ex = -4.86, 	t = 2.5746 msec, 	Position = -5
[0 0 0 0 0 1 0 0 0 0 2 0 0 0 0 0 0 0 0 0 0], 	Ex = -4.85, 	t = 2.5786 msec, 	Position = -5
[0 0 0 0 0 1 0 0 0 0 2 0 0 0 0 0 0 0 0 0 0], 	Ex = -4.83, 	t = 2.5826 msec, 	Position = -5
[0 0 0 0 0 1 0 0 0 0 2 0 0 0 0 0 0 0 0 0 0], 	Ex = -4.82, 	t = 2.5866 msec, 	Position = -5
[0 0 0 0 0 1 0 0 0 0 2 0 0 0 0 0 0 0 0 0 0], 	Ex = -4.80, 	t = 2.5906 msec, 	Position = -5
[0 0 0 0 0 1 0 0 0 0 2 0 0 0 0 0 0 0 0 0 0], 	Ex = -4.78, 	t = 2.5946 msec, 	Position = -5
[0 0 0 0 0 1 0 0 0 0 2 0 0 0 0 0 0 0 0 0 0], 	Ex = -4.76, 	t = 2.5986 msec, 	Position = -5
[0 0 0 0 0 1 0 0 0 0 2 0 0 0 0 0 0 0 0 0 0], 	Ex = -4.74, 	t = 2.6026 msec, 	Position = -5
[0 0 0 0 0 1 0 0 0 0 2 0 0 0 0 0 0 0 0 0 0], 	Ex = -4.72, 	t = 2.6066 msec, 	Position = -5
[0 0 0 0 0 1 0 0 0 0 2 0 0 0 0 0 0 0 0 0 0], 	Ex = -4.70, 	t = 2.6106 msec, 	Position = -5
[0 0 0 0 0 1 0 0 0 0 2 0 0 0 0 0 0 0 0 0 0], 	Ex = -4.68, 	t = 2.6146 msec, 	Position = -5
[0 0 0 0 0 1 0 0 0 0 2 0 0 0 0 0 0 0 0 0 0], 	Ex = -4.66, 	t = 2.6186 msec, 	Position = -5
[0 0 0 0 0 1 0 0 0 0 2 0 0 0 0 0 0 0 0 0 0], 	Ex = -4.63, 	t = 2.6226 msec, 	Position = -5
[0 0 0 0 0 1 0 0 0 0 2 0 0 0 0 0 0 0 0 0 0], 	Ex = -4.61, 	t = 2.6266 msec, 	Position = -5
[0 0 0 0 0 1 0 0 0 0 2 0 0 0 0 0 0 0 0 0 0], 	Ex = -4.58, 	t = 2.6306 msec, 	Position = -5
[0 0 0 0 0 1 0 0 0 0 2 0 0 0 0 0 0 0 0 0 0], 	Ex = -4.56, 	t = 2.6346 msec, 	Position = -5
[0 0 0 0 0 1 0 0 0 0 2 0 0 0 0 0 0 0 0 0 0], 	Ex = -4.53, 	t = 2.6386 msec, 	Position = -5
[0 0 0 0 0 1 0 0 0 0 2 0 0 0 0 0 0 0 0 0 0], 	Ex = -4.51, 	t = 2.6426 msec, 	Position = -5
[0 0 0 0 0 1 0 0 0 0 2 0 0 0 0 0 0 0 0 0 0], 	Ex = -4.48, 	t = 2.6466 msec, 	Position = -5
[0 0 0 0 0 1 0 0 0 0 2 0 0 0 0 0 0 0 0 0 0], 	Ex = -4.45, 	t = 2.6507 msec, 	Position = -5
[0 0 0 0 0 1 0 0 0 0 2 0 0 0 0 0 0 0 0 0 0], 	Ex = -4.42, 	t = 2.6547 msec, 	Position = -5
[0 0 0 0 0 1 0 0 0 0 2 0 0 0 0 0 0 0 0 0 0], 	Ex = -4.39, 	t = 2.6587 msec, 	Position = -5
[0 0 0 0 0 1 0 0 0 0 2 0 0 0 0 0 0 0 0 0 0], 	Ex = -4.36, 	t = 2.6627 msec, 	Position = -5
[0 0 0 0 0 1 0 0 0 0 2 0 0 0 0 0 0 0 0 0 0], 	Ex = -4.33, 	t = 2.6667 msec, 	Position = -5
[0 0 0 0 0 1 0 0 0 0 2 0 0 0 0 0 0 0 0 0 0], 	Ex = -4.30, 	t = 2.6707 msec, 	Position = -5
[0 0 0 0 0 1 0 0 0 0 2 0 0 0 0 0 0 0 0 0 0], 	Ex = -4.27, 	t = 2.6747 msec, 	Position = -5
[0 0 0 0 0 1 0 0 0 0 2 0 0 0 0 0 0 0 0 0 0], 	Ex = -4.23, 	t = 2.6787 msec, 	Position = -5
[0 0 0 0 0 1 0 0 0 0 2 0 0 0 0 0 0 0 0 0 0], 	Ex = -4.20, 	t = 2.6827 msec, 	Position = -5
[0 0 0 0 0 1 0 0 0 0 2 0 0 0 0 0 0 0 0 0 0], 	Ex = -4.16, 	t = 2.6867 msec, 	Position = -5
[0 0 0 0 0 1 0 0 0 0 2 0 0 0 0 0 0 0 0 0 0], 	Ex = -4.13, 	t = 2.6907 msec, 	Position = -5
[0 0 0 0 0 1 0 0 0 0 2 0 0 0 0 0 0 0 0 0 0], 	Ex = -4.09, 	t = 2.6947 msec, 	Position = -5
[0 0 0 0 0 1 0 0 0 0 2 0 0 0 0 0 0 0 0 0 0], 	Ex = -4.06, 	t = 2.6987 msec, 	Position = -5
[0 0 0 0 0 1 0 0 0 0 2 0 0 0 0 0 0 0 0 0 0], 	Ex = -4.02, 	t = 2.7027 msec, 	Position = -5
[0 0 0 0 0 0 1 0 0 0 2 0 0 0 0 0 0 0 0 0 0], 	Ex = -3.98, 	t = 2.7067 msec, 	Position = -4
[0 0 0 0 0 0 1 0 0 0 2 0 0 0 0 0 0 0 0 0 0], 	Ex = -3.94, 	t = 2.7107 msec, 	Position = -4
[0 0 0 0 0 0 1 0 0 0 2 0 0 0 0 0 0 0 0 0 0], 	Ex = -3.90, 	t = 2.7147 msec, 	Position = -4
[0 0 0 0 0 0 1 0 0 0 2 0 0 0 0 0 0 0 0 0 0], 	Ex = -3.87, 	t = 2.7187 msec, 	Position = -4
[0 0 0 0 0 0 1 0 0 0 2 0 0 0 0 0 0 0 0 0 0], 	Ex = -3.83, 	t = 2.7227 msec, 	Position = -4
[0 0 0 0 0 0 1 0 0 0 2 0 0 0 0 0 0 0 0 0 0], 	Ex = -3.78, 	t = 2.7267 msec, 	Position = -4
[0 0 0 0 0 0 1 0 0 0 2 0 0 0 0 0 0 0 0 0 0], 	Ex = -3.74, 	t = 2.7307 msec, 	Position = -4
[0 0 0 0 0 0 1 0 0 0 2 0 0 0 0 0 0 0 0 0 0], 	Ex = -3.70, 	t = 2.7347 msec, 	Position = -4
[0 0 0 0 0 0 1 0 0 0 2 0 0 0 0 0 0 0 0 0 0], 	Ex = -3.66, 	t = 2.7387 msec, 	Position = -4
[0 0 0 0 0 0 1 0 0 0 2 0 0 0 0 0 0 0 0 0 0], 	Ex = -3.62, 	t = 2.7427 msec, 	Position = -4
[0 0 0 0 0 0 1 0 0 0 2 0 0 0 0 0 0 0 0 0 0], 	Ex = -3.57, 	t = 2.7467 msec, 	Position = -4
[0 0 0 0 0 0 1 0 0 0 2 0 0 0 0 0 0 0 0 0 0], 	Ex = -3.53, 	t = 2.7508 msec, 	Position = -4
[0 0 0 0 0 0 1 0 0 0 2 0 0 0 0 0 0 0 0 0 0], 	Ex = -3.48, 	t = 2.7548 msec, 	Position = -4
[0 0 0 0 0 0 1 0 0 0 2 0 0 0 0 0 0 0 0 0 0], 	Ex = -3.44, 	t = 2.7588 msec, 	Position = -4
[0 0 0 0 0 0 1 0 0 0 2 0 0 0 0 0 0 0 0 0 0], 	Ex = -3.39, 	t = 2.7628 msec, 	Position = -4
[0 0 0 0 0 0 1 0 0 0 2 0 0 0 0 0 0 0 0 0 0], 	Ex = -3.34, 	t = 2.7668 msec, 	Position = -4
[0 0 0 0 0 0 1 0 0 0 2 0 0 0 0 0 0 0 0 0 0], 	Ex = -3.30, 	t = 2.7708 msec, 	Position = -4
[0 0 0 0 0 0 1 0 0 0 2 0 0 0 0 0 0 0 0 0 0], 	Ex = -3.25, 	t = 2.7748 msec, 	Position = -4
[0 0 0 0 0 0 1 0 0 0 2 0 0 0 0 0 0 0 0 0 0], 	Ex = -3.20, 	t = 2.7788 msec, 	Position = -4
[0 0 0 0 0 0 1 0 0 0 2 0 0 0 0 0 0 0 0 0 0], 	Ex = -3.15, 	t = 2.7828 msec, 	Position = -4
[0 0 0 0 0 0 1 0 0 0 2 0 0 0 0 0 0 0 0 0 0], 	Ex = -3.10, 	t = 2.7868 msec, 	Position = -4
[0 0 0 0 0 0 1 0 0 0 2 0 0 0 0 0 0 0 0 0 0], 	Ex = -3.05, 	t = 2.7908 msec, 	Position = -4
[0 0 0 0 0 0 1 0 0 0 2 0 0 0 0 0 0 0 0 0 0], 	Ex = -3.00, 	t = 2.7948 msec, 	Position = -4
[0 0 0 0 0 0 0 1 0 0 2 0 0 0 0 0 0 0 0 0 0], 	Ex = -2.95, 	t = 2.7988 msec, 	Position = -3
[0 0 0 0 0 0 0 1 0 0 2 0 0 0 0 0 0 0 0 0 0], 	Ex = -2.90, 	t = 2.8028 msec, 	Position = -3
[0 0 0 0 0 0 0 1 0 0 2 0 0 0 0 0 0 0 0 0 0], 	Ex = -2.85, 	t = 2.8068 msec, 	Position = -3
[0 0 0 0 0 0 0 1 0 0 2 0 0 0 0 0 0 0 0 0 0], 	Ex = -2.80, 	t = 2.8108 msec, 	Position = -3
[0 0 0 0 0 0 0 1 0 0 2 0 0 0 0 0 0 0 0 0 0], 	Ex = -2.75, 	t = 2.8148 msec, 	Position = -3
[0 0 0 0 0 0 0 1 0 0 2 0 0 0 0 0 0 0 0 0 0], 	Ex = -2.69, 	t = 2.8188 msec, 	Position = -3
[0 0 0 0 0 0 0 1 0 0 2 0 0 0 0 0 0 0 0 0 0], 	Ex = -2.64, 	t = 2.8228 msec, 	Position = -3
[0 0 0 0 0 0 0 1 0 0 2 0 0 0 0 0 0 0 0 0 0], 	Ex = -2.59, 	t = 2.8268 msec, 	Position = -3
[0 0 0 0 0 0 0 1 0 0 2 0 0 0 0 0 0 0 0 0 0], 	Ex = -2.53, 	t = 2.8308 msec, 	Position = -3
[0 0 0 0 0 0 0 1 0 0 2 0 0 0 0 0 0 0 0 0 0], 	Ex = -2.48, 	t = 2.8348 msec, 	Position = -3
[0 0 0 0 0 0 0 1 0 0 2 0 0 0 0 0 0 0 0 0 0], 	Ex = -2.42, 	t = 2.8388 msec, 	Position = -3
[0 0 0 0 0 0 0 1 0 0 2 0 0 0 0 0 0 0 0 0 0], 	Ex = -2.37, 	t = 2.8428 msec, 	Position = -3
[0 0 0 0 0 0 0 1 0 0 2 0 0 0 0 0 0 0 0 0 0], 	Ex = -2.31, 	t = 2.8468 msec, 	Position = -3
[0 0 0 0 0 0 0 1 0 0 2 0 0 0 0 0 0 0 0 0 0], 	Ex = -2.26, 	t = 2.8509 msec, 	Position = -3
[0 0 0 0 0 0 0 1 0 0 2 0 0 0 0 0 0 0 0 0 0], 	Ex = -2.20, 	t = 2.8549 msec, 	Position = -3
[0 0 0 0 0 0 0 1 0 0 2 0 0 0 0 0 0 0 0 0 0], 	Ex = -2.15, 	t = 2.8589 msec, 	Position = -3
[0 0 0 0 0 0 0 1 0 0 2 0 0 0 0 0 0 0 0 0 0], 	Ex = -2.09, 	t = 2.8629 msec, 	Position = -3
[0 0 0 0 0 0 0 1 0 0 2 0 0 0 0 0 0 0 0 0 0], 	Ex = -2.03, 	t = 2.8669 msec, 	Position = -3
[0 0 0 0 0 0 0 0 1 0 2 0 0 0 0 0 0 0 0 0 0], 	Ex = -1.97, 	t = 2.8709 msec, 	Position = -2
[0 0 0 0 0 0 0 0 1 0 2 0 0 0 0 0 0 0 0 0 0], 	Ex = -1.92, 	t = 2.8749 msec, 	Position = -2
[0 0 0 0 0 0 0 0 1 0 2 0 0 0 0 0 0 0 0 0 0], 	Ex = -1.86, 	t = 2.8789 msec, 	Position = -2
[0 0 0 0 0 0 0 0 1 0 2 0 0 0 0 0 0 0 0 0 0], 	Ex = -1.80, 	t = 2.8829 msec, 	Position = -2
[0 0 0 0 0 0 0 0 1 0 2 0 0 0 0 0 0 0 0 0 0], 	Ex = -1.74, 	t = 2.8869 msec, 	Position = -2
[0 0 0 0 0 0 0 0 1 0 2 0 0 0 0 0 0 0 0 0 0], 	Ex = -1.68, 	t = 2.8909 msec, 	Position = -2
[0 0 0 0 0 0 0 0 1 0 2 0 0 0 0 0 0 0 0 0 0], 	Ex = -1.62, 	t = 2.8949 msec, 	Position = -2
[0 0 0 0 0 0 0 0 1 0 2 0 0 0 0 0 0 0 0 0 0], 	Ex = -1.56, 	t = 2.8989 msec, 	Position = -2
[0 0 0 0 0 0 0 0 1 0 2 0 0 0 0 0 0 0 0 0 0], 	Ex = -1.50, 	t = 2.9029 msec, 	Position = -2
[0 0 0 0 0 0 0 0 1 0 2 0 0 0 0 0 0 0 0 0 0], 	Ex = -1.44, 	t = 2.9069 msec, 	Position = -2
[0 0 0 0 0 0 0 0 1 0 2 0 0 0 0 0 0 0 0 0 0], 	Ex = -1.38, 	t = 2.9109 msec, 	Position = -2
[0 0 0 0 0 0 0 0 1 0 2 0 0 0 0 0 0 0 0 0 0], 	Ex = -1.32, 	t = 2.9149 msec, 	Position = -2
[0 0 0 0 0 0 0 0 1 0 2 0 0 0 0 0 0 0 0 0 0], 	Ex = -1.26, 	t = 2.9189 msec, 	Position = -2
[0 0 0 0 0 0 0 0 1 0 2 0 0 0 0 0 0 0 0 0 0], 	Ex = -1.20, 	t = 2.9229 msec, 	Position = -2
[0 0 0 0 0 0 0 0 1 0 2 0 0 0 0 0 0 0 0 0 0], 	Ex = -1.14, 	t = 2.9269 msec, 	Position = -2
[0 0 0 0 0 0 0 0 1 0 2 0 0 0 0 0 0 0 0 0 0], 	Ex = -1.08, 	t = 2.9309 msec, 	Position = -2
[0 0 0 0 0 0 0 0 1 0 2 0 0 0 0 0 0 0 0 0 0], 	Ex = -1.01, 	t = 2.9349 msec, 	Position = -2
[0 0 0 0 0 0 0 0 0 1 2 0 0 0 0 0 0 0 0 0 0], 	Ex = -0.95, 	t = 2.9389 msec, 	Position = -1
[0 0 0 0 0 0 0 0 0 1 2 0 0 0 0 0 0 0 0 0 0], 	Ex = -0.89, 	t = 2.9429 msec, 	Position = -1
[0 0 0 0 0 0 0 0 0 1 2 0 0 0 0 0 0 0 0 0 0], 	Ex = -0.83, 	t = 2.9469 msec, 	Position = -1
[0 0 0 0 0 0 0 0 0 1 2 0 0 0 0 0 0 0 0 0 0], 	Ex = -0.77, 	t = 2.9510 msec, 	Position = -1
[0 0 0 0 0 0 0 0 0 1 2 0 0 0 0 0 0 0 0 0 0], 	Ex = -0.71, 	t = 2.9550 msec, 	Position = -1
[0 0 0 0 0 0 0 0 0 1 2 0 0 0 0 0 0 0 0 0 0], 	Ex = -0.64, 	t = 2.9590 msec, 	Position = -1
[0 0 0 0 0 0 0 0 0 1 2 0 0 0 0 0 0 0 0 0 0], 	Ex = -0.58, 	t = 2.9630 msec, 	Position = -1
[0 0 0 0 0 0 0 0 0 1 2 0 0 0 0 0 0 0 0 0 0], 	Ex = -0.52, 	t = 2.9670 msec, 	Position = -1
[0 0 0 0 0 0 0 0 0 1 2 0 0 0 0 0 0 0 0 0 0], 	Ex = -0.46, 	t = 2.9710 msec, 	Position = -1
[0 0 0 0 0 0 0 0 0 1 2 0 0 0 0 0 0 0 0 0 0], 	Ex = -0.39, 	t = 2.9750 msec, 	Position = -1
[0 0 0 0 0 0 0 0 0 1 2 0 0 0 0 0 0 0 0 0 0], 	Ex = -0.33, 	t = 2.9790 msec, 	Position = -1
[0 0 0 0 0 0 0 0 0 1 2 0 0 0 0 0 0 0 0 0 0], 	Ex = -0.27, 	t = 2.9830 msec, 	Position = -1
[0 0 0 0 0 0 0 0 0 1 2 0 0 0 0 0 0 0 0 0 0], 	Ex = -0.20, 	t = 2.9870 msec, 	Position = -1
[0 0 0 0 0 0 0 0 0 1 2 0 0 0 0 0 0 0 0 0 0], 	Ex = -0.14, 	t = 2.9910 msec, 	Position = -1
[0 0 0 0 0 0 0 0 0 1 2 0 0 0 0 0 0 0 0 0 0], 	Ex = -0.08, 	t = 2.9950 msec, 	Position = -1
[0 0 0 0 0 0 0 0 0 1 2 0 0 0 0 0 0 0 0 0 0], 	Ex = -0.02, 	t = 2.9990 msec, 	Position = -1
[0 0 0 0 0 0 0 0 0 0 2 1 0 0 0 0 0 0 0 0 0], 	Ex = 0.05, 	t = 3.0030 msec, 	Position = 1
[0 0 0 0 0 0 0 0 0 0 2 1 0 0 0 0 0 0 0 0 0], 	Ex = 0.11, 	t = 3.0070 msec, 	Position = 1
[0 0 0 0 0 0 0 0 0 0 2 1 0 0 0 0 0 0 0 0 0], 	Ex = 0.17, 	t = 3.0110 msec, 	Position = 1
[0 0 0 0 0 0 0 0 0 0 2 1 0 0 0 0 0 0 0 0 0], 	Ex = 0.24, 	t = 3.0150 msec, 	Position = 1
[0 0 0 0 0 0 0 0 0 0 2 1 0 0 0 0 0 0 0 0 0], 	Ex = 0.30, 	t = 3.0190 msec, 	Position = 1
[0 0 0 0 0 0 0 0 0 0 2 1 0 0 0 0 0 0 0 0 0], 	Ex = 0.36, 	t = 3.0230 msec, 	Position = 1
[0 0 0 0 0 0 0 0 0 0 2 1 0 0 0 0 0 0 0 0 0], 	Ex = 0.42, 	t = 3.0270 msec, 	Position = 1
[0 0 0 0 0 0 0 0 0 0 2 1 0 0 0 0 0 0 0 0 0], 	Ex = 0.49, 	t = 3.0310 msec, 	Position = 1
[0 0 0 0 0 0 0 0 0 0 2 1 0 0 0 0 0 0 0 0 0], 	Ex = 0.55, 	t = 3.0350 msec, 	Position = 1
[0 0 0 0 0 0 0 0 0 0 2 1 0 0 0 0 0 0 0 0 0], 	Ex = 0.61, 	t = 3.0390 msec, 	Position = 1
[0 0 0 0 0 0 0 0 0 0 2 1 0 0 0 0 0 0 0 0 0], 	Ex = 0.67, 	t = 3.0430 msec, 	Position = 1
[0 0 0 0 0 0 0 0 0 0 2 1 0 0 0 0 0 0 0 0 0], 	Ex = 0.74, 	t = 3.0470 msec, 	Position = 1
[0 0 0 0 0 0 0 0 0 0 2 1 0 0 0 0 0 0 0 0 0], 	Ex = 0.80, 	t = 3.0511 msec, 	Position = 1
[0 0 0 0 0 0 0 0 0 0 2 1 0 0 0 0 0 0 0 0 0], 	Ex = 0.86, 	t = 3.0551 msec, 	Position = 1
[0 0 0 0 0 0 0 0 0 0 2 1 0 0 0 0 0 0 0 0 0], 	Ex = 0.92, 	t = 3.0591 msec, 	Position = 1
[0 0 0 0 0 0 0 0 0 0 2 1 0 0 0 0 0 0 0 0 0], 	Ex = 0.98, 	t = 3.0631 msec, 	Position = 1
[0 0 0 0 0 0 0 0 0 0 2 0 1 0 0 0 0 0 0 0 0], 	Ex = 1.05, 	t = 3.0671 msec, 	Position = 2
[0 0 0 0 0 0 0 0 0 0 2 0 1 0 0 0 0 0 0 0 0], 	Ex = 1.11, 	t = 3.0711 msec, 	Position = 2
[0 0 0 0 0 0 0 0 0 0 2 0 1 0 0 0 0 0 0 0 0], 	Ex = 1.17, 	t = 3.0751 msec, 	Position = 2
[0 0 0 0 0 0 0 0 0 0 2 0 1 0 0 0 0 0 0 0 0], 	Ex = 1.23, 	t = 3.0791 msec, 	Position = 2
[0 0 0 0 0 0 0 0 0 0 2 0 1 0 0 0 0 0 0 0 0], 	Ex = 1.29, 	t = 3.0831 msec, 	Position = 2
[0 0 0 0 0 0 0 0 0 0 2 0 1 0 0 0 0 0 0 0 0], 	Ex = 1.35, 	t = 3.0871 msec, 	Position = 2
[0 0 0 0 0 0 0 0 0 0 2 0 1 0 0 0 0 0 0 0 0], 	Ex = 1.41, 	t = 3.0911 msec, 	Position = 2
[0 0 0 0 0 0 0 0 0 0 2 0 1 0 0 0 0 0 0 0 0], 	Ex = 1.47, 	t = 3.0951 msec, 	Position = 2
[0 0 0 0 0 0 0 0 0 0 2 0 1 0 0 0 0 0 0 0 0], 	Ex = 1.53, 	t = 3.0991 msec, 	Position = 2
[0 0 0 0 0 0 0 0 0 0 2 0 1 0 0 0 0 0 0 0 0], 	Ex = 1.59, 	t = 3.1031 msec, 	Position = 2
[0 0 0 0 0 0 0 0 0 0 2 0 1 0 0 0 0 0 0 0 0], 	Ex = 1.65, 	t = 3.1071 msec, 	Position = 2
[0 0 0 0 0 0 0 0 0 0 2 0 1 0 0 0 0 0 0 0 0], 	Ex = 1.71, 	t = 3.1111 msec, 	Position = 2
[0 0 0 0 0 0 0 0 0 0 2 0 1 0 0 0 0 0 0 0 0], 	Ex = 1.77, 	t = 3.1151 msec, 	Position = 2
[0 0 0 0 0 0 0 0 0 0 2 0 1 0 0 0 0 0 0 0 0], 	Ex = 1.83, 	t = 3.1191 msec, 	Position = 2
[0 0 0 0 0 0 0 0 0 0 2 0 1 0 0 0 0 0 0 0 0], 	Ex = 1.89, 	t = 3.1231 msec, 	Position = 2
[0 0 0 0 0 0 0 0 0 0 2 0 1 0 0 0 0 0 0 0 0], 	Ex = 1.94, 	t = 3.1271 msec, 	Position = 2
[0 0 0 0 0 0 0 0 0 0 2 0 0 1 0 0 0 0 0 0 0], 	Ex = 2.00, 	t = 3.1311 msec, 	Position = 3
[0 0 0 0 0 0 0 0 0 0 2 0 0 1 0 0 0 0 0 0 0], 	Ex = 2.06, 	t = 3.1351 msec, 	Position = 3
[0 0 0 0 0 0 0 0 0 0 2 0 0 1 0 0 0 0 0 0 0], 	Ex = 2.12, 	t = 3.1391 msec, 	Position = 3
[0 0 0 0 0 0 0 0 0 0 2 0 0 1 0 0 0 0 0 0 0], 	Ex = 2.17, 	t = 3.1431 msec, 	Position = 3
[0 0 0 0 0 0 0 0 0 0 2 0 0 1 0 0 0 0 0 0 0], 	Ex = 2.23, 	t = 3.1471 msec, 	Position = 3
[0 0 0 0 0 0 0 0 0 0 2 0 0 1 0 0 0 0 0 0 0], 	Ex = 2.29, 	t = 3.1512 msec, 	Position = 3
[0 0 0 0 0 0 0 0 0 0 2 0 0 1 0 0 0 0 0 0 0], 	Ex = 2.34, 	t = 3.1552 msec, 	Position = 3
[0 0 0 0 0 0 0 0 0 0 2 0 0 1 0 0 0 0 0 0 0], 	Ex = 2.40, 	t = 3.1592 msec, 	Position = 3
[0 0 0 0 0 0 0 0 0 0 2 0 0 1 0 0 0 0 0 0 0], 	Ex = 2.45, 	t = 3.1632 msec, 	Position = 3
[0 0 0 0 0 0 0 0 0 0 2 0 0 1 0 0 0 0 0 0 0], 	Ex = 2.51, 	t = 3.1672 msec, 	Position = 3
[0 0 0 0 0 0 0 0 0 0 2 0 0 1 0 0 0 0 0 0 0], 	Ex = 2.56, 	t = 3.1712 msec, 	Position = 3
[0 0 0 0 0 0 0 0 0 0 2 0 0 1 0 0 0 0 0 0 0], 	Ex = 2.61, 	t = 3.1752 msec, 	Position = 3
[0 0 0 0 0 0 0 0 0 0 2 0 0 1 0 0 0 0 0 0 0], 	Ex = 2.67, 	t = 3.1792 msec, 	Position = 3
[0 0 0 0 0 0 0 0 0 0 2 0 0 1 0 0 0 0 0 0 0], 	Ex = 2.72, 	t = 3.1832 msec, 	Position = 3
[0 0 0 0 0 0 0 0 0 0 2 0 0 1 0 0 0 0 0 0 0], 	Ex = 2.77, 	t = 3.1872 msec, 	Position = 3
[0 0 0 0 0 0 0 0 0 0 2 0 0 1 0 0 0 0 0 0 0], 	Ex = 2.83, 	t = 3.1912 msec, 	Position = 3
[0 0 0 0 0 0 0 0 0 0 2 0 0 1 0 0 0 0 0 0 0], 	Ex = 2.88, 	t = 3.1952 msec, 	Position = 3
[0 0 0 0 0 0 0 0 0 0 2 0 0 1 0 0 0 0 0 0 0], 	Ex = 2.93, 	t = 3.1992 msec, 	Position = 3
[0 0 0 0 0 0 0 0 0 0 2 0 0 1 0 0 0 0 0 0 0], 	Ex = 2.98, 	t = 3.2032 msec, 	Position = 3
[0 0 0 0 0 0 0 0 0 0 2 0 0 0 1 0 0 0 0 0 0], 	Ex = 3.03, 	t = 3.2072 msec, 	Position = 4
[0 0 0 0 0 0 0 0 0 0 2 0 0 0 1 0 0 0 0 0 0], 	Ex = 3.08, 	t = 3.2112 msec, 	Position = 4
[0 0 0 0 0 0 0 0 0 0 2 0 0 0 1 0 0 0 0 0 0], 	Ex = 3.13, 	t = 3.2152 msec, 	Position = 4
[0 0 0 0 0 0 0 0 0 0 2 0 0 0 1 0 0 0 0 0 0], 	Ex = 3.18, 	t = 3.2192 msec, 	Position = 4
[0 0 0 0 0 0 0 0 0 0 2 0 0 0 1 0 0 0 0 0 0], 	Ex = 3.23, 	t = 3.2232 msec, 	Position = 4
[0 0 0 0 0 0 0 0 0 0 2 0 0 0 1 0 0 0 0 0 0], 	Ex = 3.27, 	t = 3.2272 msec, 	Position = 4
[0 0 0 0 0 0 0 0 0 0 2 0 0 0 1 0 0 0 0 0 0], 	Ex = 3.32, 	t = 3.2312 msec, 	Position = 4
[0 0 0 0 0 0 0 0 0 0 2 0 0 0 1 0 0 0 0 0 0], 	Ex = 3.37, 	t = 3.2352 msec, 	Position = 4
[0 0 0 0 0 0 0 0 0 0 2 0 0 0 1 0 0 0 0 0 0], 	Ex = 3.41, 	t = 3.2392 msec, 	Position = 4
[0 0 0 0 0 0 0 0 0 0 2 0 0 0 1 0 0 0 0 0 0], 	Ex = 3.46, 	t = 3.2432 msec, 	Position = 4
[0 0 0 0 0 0 0 0 0 0 2 0 0 0 1 0 0 0 0 0 0], 	Ex = 3.50, 	t = 3.2472 msec, 	Position = 4
[0 0 0 0 0 0 0 0 0 0 2 0 0 0 1 0 0 0 0 0 0], 	Ex = 3.55, 	t = 3.2513 msec, 	Position = 4
[0 0 0 0 0 0 0 0 0 0 2 0 0 0 1 0 0 0 0 0 0], 	Ex = 3.59, 	t = 3.2553 msec, 	Position = 4
[0 0 0 0 0 0 0 0 0 0 2 0 0 0 1 0 0 0 0 0 0], 	Ex = 3.64, 	t = 3.2593 msec, 	Position = 4
[0 0 0 0 0 0 0 0 0 0 2 0 0 0 1 0 0 0 0 0 0], 	Ex = 3.68, 	t = 3.2633 msec, 	Position = 4
[0 0 0 0 0 0 0 0 0 0 2 0 0 0 1 0 0 0 0 0 0], 	Ex = 3.72, 	t = 3.2673 msec, 	Position = 4
[0 0 0 0 0 0 0 0 0 0 2 0 0 0 1 0 0 0 0 0 0], 	Ex = 3.76, 	t = 3.2713 msec, 	Position = 4
[0 0 0 0 0 0 0 0 0 0 2 0 0 0 1 0 0 0 0 0 0], 	Ex = 3.80, 	t = 3.2753 msec, 	Position = 4
[0 0 0 0 0 0 0 0 0 0 2 0 0 0 1 0 0 0 0 0 0], 	Ex = 3.85, 	t = 3.2793 msec, 	Position = 4
[0 0 0 0 0 0 0 0 0 0 2 0 0 0 1 0 0 0 0 0 0], 	Ex = 3.89, 	t = 3.2833 msec, 	Position = 4
[0 0 0 0 0 0 0 0 0 0 2 0 0 0 1 0 0 0 0 0 0], 	Ex = 3.92, 	t = 3.2873 msec, 	Position = 4
[0 0 0 0 0 0 0 0 0 0 2 0 0 0 1 0 0 0 0 0 0], 	Ex = 3.96, 	t = 3.2913 msec, 	Position = 4
[0 0 0 0 0 0 0 0 0 0 2 0 0 0 0 1 0 0 0 0 0], 	Ex = 4.00, 	t = 3.2953 msec, 	Position = 5
[0 0 0 0 0 0 0 0 0 0 2 0 0 0 0 1 0 0 0 0 0], 	Ex = 4.04, 	t = 3.2993 msec, 	Position = 5
[0 0 0 0 0 0 0 0 0 0 2 0 0 0 0 1 0 0 0 0 0], 	Ex = 4.08, 	t = 3.3033 msec, 	Position = 5
[0 0 0 0 0 0 0 0 0 0 2 0 0 0 0 1 0 0 0 0 0], 	Ex = 4.11, 	t = 3.3073 msec, 	Position = 5
[0 0 0 0 0 0 0 0 0 0 2 0 0 0 0 1 0 0 0 0 0], 	Ex = 4.15, 	t = 3.3113 msec, 	Position = 5
[0 0 0 0 0 0 0 0 0 0 2 0 0 0 0 1 0 0 0 0 0], 	Ex = 4.18, 	t = 3.3153 msec, 	Position = 5
[0 0 0 0 0 0 0 0 0 0 2 0 0 0 0 1 0 0 0 0 0], 	Ex = 4.22, 	t = 3.3193 msec, 	Position = 5
[0 0 0 0 0 0 0 0 0 0 2 0 0 0 0 1 0 0 0 0 0], 	Ex = 4.25, 	t = 3.3233 msec, 	Position = 5
[0 0 0 0 0 0 0 0 0 0 2 0 0 0 0 1 0 0 0 0 0], 	Ex = 4.28, 	t = 3.3273 msec, 	Position = 5
[0 0 0 0 0 0 0 0 0 0 2 0 0 0 0 1 0 0 0 0 0], 	Ex = 4.31, 	t = 3.3313 msec, 	Position = 5
[0 0 0 0 0 0 0 0 0 0 2 0 0 0 0 1 0 0 0 0 0], 	Ex = 4.35, 	t = 3.3353 msec, 	Position = 5
[0 0 0 0 0 0 0 0 0 0 2 0 0 0 0 1 0 0 0 0 0], 	Ex = 4.38, 	t = 3.3393 msec, 	Position = 5
[0 0 0 0 0 0 0 0 0 0 2 0 0 0 0 1 0 0 0 0 0], 	Ex = 4.41, 	t = 3.3433 msec, 	Position = 5
[0 0 0 0 0 0 0 0 0 0 2 0 0 0 0 1 0 0 0 0 0], 	Ex = 4.44, 	t = 3.3473 msec, 	Position = 5
[0 0 0 0 0 0 0 0 0 0 2 0 0 0 0 1 0 0 0 0 0], 	Ex = 4.46, 	t = 3.3514 msec, 	Position = 5
[0 0 0 0 0 0 0 0 0 0 2 0 0 0 0 1 0 0 0 0 0], 	Ex = 4.49, 	t = 3.3554 msec, 	Position = 5
[0 0 0 0 0 0 0 0 0 0 2 0 0 0 0 1 0 0 0 0 0], 	Ex = 4.52, 	t = 3.3594 msec, 	Position = 5
[0 0 0 0 0 0 0 0 0 0 2 0 0 0 0 1 0 0 0 0 0], 	Ex = 4.55, 	t = 3.3634 msec, 	Position = 5
[0 0 0 0 0 0 0 0 0 0 2 0 0 0 0 1 0 0 0 0 0], 	Ex = 4.57, 	t = 3.3674 msec, 	Position = 5
[0 0 0 0 0 0 0 0 0 0 2 0 0 0 0 1 0 0 0 0 0], 	Ex = 4.60, 	t = 3.3714 msec, 	Position = 5
[0 0 0 0 0 0 0 0 0 0 2 0 0 0 0 1 0 0 0 0 0], 	Ex = 4.62, 	t = 3.3754 msec, 	Position = 5
[0 0 0 0 0 0 0 0 0 0 2 0 0 0 0 1 0 0 0 0 0], 	Ex = 4.65, 	t = 3.3794 msec, 	Position = 5
[0 0 0 0 0 0 0 0 0 0 2 0 0 0 0 1 0 0 0 0 0], 	Ex = 4.67, 	t = 3.3834 msec, 	Position = 5
[0 0 0 0 0 0 0 0 0 0 2 0 0 0 0 1 0 0 0 0 0], 	Ex = 4.69, 	t = 3.3874 msec, 	Position = 5
[0 0 0 0 0 0 0 0 0 0 2 0 0 0 0 1 0 0 0 0 0], 	Ex = 4.71, 	t = 3.3914 msec, 	Position = 5
[0 0 0 0 0 0 0 0 0 0 2 0 0 0 0 1 0 0 0 0 0], 	Ex = 4.73, 	t = 3.3954 msec, 	Position = 5
[0 0 0 0 0 0 0 0 0 0 2 0 0 0 0 1 0 0 0 0 0], 	Ex = 4.75, 	t = 3.3994 msec, 	Position = 5
[0 0 0 0 0 0 0 0 0 0 2 0 0 0 0 1 0 0 0 0 0], 	Ex = 4.77, 	t = 3.4034 msec, 	Position = 5
[0 0 0 0 0 0 0 0 0 0 2 0 0 0 0 1 0 0 0 0 0], 	Ex = 4.79, 	t = 3.4074 msec, 	Position = 5
[0 0 0 0 0 0 0 0 0 0 2 0 0 0 0 1 0 0 0 0 0], 	Ex = 4.81, 	t = 3.4114 msec, 	Position = 5
[0 0 0 0 0 0 0 0 0 0 2 0 0 0 0 1 0 0 0 0 0], 	Ex = 4.82, 	t = 3.4154 msec, 	Position = 5
[0 0 0 0 0 0 0 0 0 0 2 0 0 0 0 1 0 0 0 0 0], 	Ex = 4.84, 	t = 3.4194 msec, 	Position = 5
[0 0 0 0 0 0 0 0 0 0 2 0 0 0 0 1 0 0 0 0 0], 	Ex = 4.86, 	t = 3.4234 msec, 	Position = 5
[0 0 0 0 0 0 0 0 0 0 2 0 0 0 0 1 0 0 0 0 0], 	Ex = 4.87, 	t = 3.4274 msec, 	Position = 5
[0 0 0 0 0 0 0 0 0 0 2 0 0 0 0 1 0 0 0 0 0], 	Ex = 4.88, 	t = 3.4314 msec, 	Position = 5
[0 0 0 0 0 0 0 0 0 0 2 0 0 0 0 1 0 0 0 0 0], 	Ex = 4.90, 	t = 3.4354 msec, 	Position = 5
[0 0 0 0 0 0 0 0 0 0 2 0 0 0 0 1 0 0 0 0 0], 	Ex = 4.91, 	t = 3.4394 msec, 	Position = 5
[0 0 0 0 0 0 0 0 0 0 2 0 0 0 0 1 0 0 0 0 0], 	Ex = 4.92, 	t = 3.4434 msec, 	Position = 5
[0 0 0 0 0 0 0 0 0 0 2 0 0 0 0 1 0 0 0 0 0], 	Ex = 4.93, 	t = 3.4474 msec, 	Position = 5
[0 0 0 0 0 0 0 0 0 0 2 0 0 0 0 1 0 0 0 0 0], 	Ex = 4.94, 	t = 3.4515 msec, 	Position = 5
[0 0 0 0 0 0 0 0 0 0 2 0 0 0 0 1 0 0 0 0 0], 	Ex = 4.95, 	t = 3.4555 msec, 	Position = 5
[0 0 0 0 0 0 0 0 0 0 2 0 0 0 0 1 0 0 0 0 0], 	Ex = 4.96, 	t = 3.4595 msec, 	Position = 5
[0 0 0 0 0 0 0 0 0 0 2 0 0 0 0 1 0 0 0 0 0], 	Ex = 4.97, 	t = 3.4635 msec, 	Position = 5
[0 0 0 0 0 0 0 0 0 0 2 0 0 0 0 1 0 0 0 0 0], 	Ex = 4.97, 	t = 3.4675 msec, 	Position = 5
[0 0 0 0 0 0 0 0 0 0 2 0 0 0 0 1 0 0 0 0 0], 	Ex = 4.98, 	t = 3.4715 msec, 	Position = 5
[0 0 0 0 0 0 0 0 0 0 2 0 0 0 0 1 0 0 0 0 0], 	Ex = 4.99, 	t = 3.4755 msec, 	Position = 5
[0 0 0 0 0 0 0 0 0 0 2 0 0 0 0 1 0 0 0 0 0], 	Ex = 4.99, 	t = 3.4795 msec, 	Position = 5
[0 0 0 0 0 0 0 0 0 0 2 0 0 0 0 1 0 0 0 0 0], 	Ex = 4.99, 	t = 3.4835 msec, 	Position = 5
[0 0 0 0 0 0 0 0 0 0 2 0 0 0 0 1 0 0 0 0 0], 	Ex = 5.00, 	t = 3.4875 msec, 	Position = 5
[0 0 0 0 0 0 0 0 0 0 2 0 0 0 0 1 0 0 0 0 0], 	Ex = 5.00, 	t = 3.4915 msec, 	Position = 5
[0 0 0 0 0 0 0 0 0 0 2 0 0 0 0 1 0 0 0 0 0], 	Ex = 5.00, 	t = 3.4955 msec, 	Position = 5
[0 0 0 0 0 0 0 0 0 0 2 0 0 0 0 1 0 0 0 0 0], 	Ex = 5.00, 	t = 3.4995 msec, 	Position = 5
[0 0 0 0 0 0 0 0 0 0 2 0 0 0 0 1 0 0 0 0 0], 	Ex = 5.00, 	t = 3.5035 msec, 	Position = 5
[0 0 0 0 0 0 0 0 0 0 2 0 0 0 0 1 0 0 0 0 0], 	Ex = 5.00, 	t = 3.5075 msec, 	Position = 5
[0 0 0 0 0 0 0 0 0 0 2 0 0 0 0 1 0 0 0 0 0], 	Ex = 5.00, 	t = 3.5115 msec, 	Position = 5
[0 0 0 0 0 0 0 0 0 0 2 0 0 0 0 1 0 0 0 0 0], 	Ex = 4.99, 	t = 3.5155 msec, 	Position = 5
[0 0 0 0 0 0 0 0 0 0 2 0 0 0 0 1 0 0 0 0 0], 	Ex = 4.99, 	t = 3.5195 msec, 	Position = 5
[0 0 0 0 0 0 0 0 0 0 2 0 0 0 0 1 0 0 0 0 0], 	Ex = 4.99, 	t = 3.5235 msec, 	Position = 5
[0 0 0 0 0 0 0 0 0 0 2 0 0 0 0 1 0 0 0 0 0], 	Ex = 4.98, 	t = 3.5275 msec, 	Position = 5
[0 0 0 0 0 0 0 0 0 0 2 0 0 0 0 1 0 0 0 0 0], 	Ex = 4.98, 	t = 3.5315 msec, 	Position = 5
[0 0 0 0 0 0 0 0 0 0 2 0 0 0 0 1 0 0 0 0 0], 	Ex = 4.97, 	t = 3.5355 msec, 	Position = 5
[0 0 0 0 0 0 0 0 0 0 2 0 0 0 0 1 0 0 0 0 0], 	Ex = 4.96, 	t = 3.5395 msec, 	Position = 5
[0 0 0 0 0 0 0 0 0 0 2 0 0 0 0 1 0 0 0 0 0], 	Ex = 4.95, 	t = 3.5435 msec, 	Position = 5
[0 0 0 0 0 0 0 0 0 0 2 0 0 0 0 1 0 0 0 0 0], 	Ex = 4.94, 	t = 3.5475 msec, 	Position = 5
[0 0 0 0 0 0 0 0 0 0 2 0 0 0 0 1 0 0 0 0 0], 	Ex = 4.93, 	t = 3.5516 msec, 	Position = 5
[0 0 0 0 0 0 0 0 0 0 2 0 0 0 0 1 0 0 0 0 0], 	Ex = 4.92, 	t = 3.5556 msec, 	Position = 5
[0 0 0 0 0 0 0 0 0 0 2 0 0 0 0 1 0 0 0 0 0], 	Ex = 4.91, 	t = 3.5596 msec, 	Position = 5
[0 0 0 0 0 0 0 0 0 0 2 0 0 0 0 1 0 0 0 0 0], 	Ex = 4.90, 	t = 3.5636 msec, 	Position = 5
[0 0 0 0 0 0 0 0 0 0 2 0 0 0 0 1 0 0 0 0 0], 	Ex = 4.89, 	t = 3.5676 msec, 	Position = 5
[0 0 0 0 0 0 0 0 0 0 2 0 0 0 0 1 0 0 0 0 0], 	Ex = 4.87, 	t = 3.5716 msec, 	Position = 5
[0 0 0 0 0 0 0 0 0 0 2 0 0 0 0 1 0 0 0 0 0], 	Ex = 4.86, 	t = 3.5756 msec, 	Position = 5
[0 0 0 0 0 0 0 0 0 0 2 0 0 0 0 1 0 0 0 0 0], 	Ex = 4.84, 	t = 3.5796 msec, 	Position = 5
[0 0 0 0 0 0 0 0 0 0 2 0 0 0 0 1 0 0 0 0 0], 	Ex = 4.83, 	t = 3.5836 msec, 	Position = 5
[0 0 0 0 0 0 0 0 0 0 2 0 0 0 0 1 0 0 0 0 0], 	Ex = 4.81, 	t = 3.5876 msec, 	Position = 5
[0 0 0 0 0 0 0 0 0 0 2 0 0 0 0 1 0 0 0 0 0], 	Ex = 4.79, 	t = 3.5916 msec, 	Position = 5
[0 0 0 0 0 0 0 0 0 0 2 0 0 0 0 1 0 0 0 0 0], 	Ex = 4.78, 	t = 3.5956 msec, 	Position = 5
[0 0 0 0 0 0 0 0 0 0 2 0 0 0 0 1 0 0 0 0 0], 	Ex = 4.76, 	t = 3.5996 msec, 	Position = 5
[0 0 0 0 0 0 0 0 0 0 2 0 0 0 0 1 0 0 0 0 0], 	Ex = 4.74, 	t = 3.6036 msec, 	Position = 5
[0 0 0 0 0 0 0 0 0 0 2 0 0 0 0 1 0 0 0 0 0], 	Ex = 4.72, 	t = 3.6076 msec, 	Position = 5
[0 0 0 0 0 0 0 0 0 0 2 0 0 0 0 1 0 0 0 0 0], 	Ex = 4.70, 	t = 3.6116 msec, 	Position = 5
[0 0 0 0 0 0 0 0 0 0 2 0 0 0 0 1 0 0 0 0 0], 	Ex = 4.67, 	t = 3.6156 msec, 	Position = 5
[0 0 0 0 0 0 0 0 0 0 2 0 0 0 0 1 0 0 0 0 0], 	Ex = 4.65, 	t = 3.6196 msec, 	Position = 5
[0 0 0 0 0 0 0 0 0 0 2 0 0 0 0 1 0 0 0 0 0], 	Ex = 4.63, 	t = 3.6236 msec, 	Position = 5
[0 0 0 0 0 0 0 0 0 0 2 0 0 0 0 1 0 0 0 0 0], 	Ex = 4.60, 	t = 3.6276 msec, 	Position = 5
[0 0 0 0 0 0 0 0 0 0 2 0 0 0 0 1 0 0 0 0 0], 	Ex = 4.58, 	t = 3.6316 msec, 	Position = 5
[0 0 0 0 0 0 0 0 0 0 2 0 0 0 0 1 0 0 0 0 0], 	Ex = 4.55, 	t = 3.6356 msec, 	Position = 5
[0 0 0 0 0 0 0 0 0 0 2 0 0 0 0 1 0 0 0 0 0], 	Ex = 4.53, 	t = 3.6396 msec, 	Position = 5
[0 0 0 0 0 0 0 0 0 0 2 0 0 0 0 1 0 0 0 0 0], 	Ex = 4.50, 	t = 3.6436 msec, 	Position = 5
[0 0 0 0 0 0 0 0 0 0 2 0 0 0 0 1 0 0 0 0 0], 	Ex = 4.47, 	t = 3.6476 msec, 	Position = 5
[0 0 0 0 0 0 0 0 0 0 2 0 0 0 0 1 0 0 0 0 0], 	Ex = 4.44, 	t = 3.6517 msec, 	Position = 5
[0 0 0 0 0 0 0 0 0 0 2 0 0 0 0 1 0 0 0 0 0], 	Ex = 4.41, 	t = 3.6557 msec, 	Position = 5
[0 0 0 0 0 0 0 0 0 0 2 0 0 0 0 1 0 0 0 0 0], 	Ex = 4.38, 	t = 3.6597 msec, 	Position = 5
[0 0 0 0 0 0 0 0 0 0 2 0 0 0 0 1 0 0 0 0 0], 	Ex = 4.35, 	t = 3.6637 msec, 	Position = 5
[0 0 0 0 0 0 0 0 0 0 2 0 0 0 0 1 0 0 0 0 0], 	Ex = 4.32, 	t = 3.6677 msec, 	Position = 5
[0 0 0 0 0 0 0 0 0 0 2 0 0 0 0 1 0 0 0 0 0], 	Ex = 4.29, 	t = 3.6717 msec, 	Position = 5
[0 0 0 0 0 0 0 0 0 0 2 0 0 0 0 1 0 0 0 0 0], 	Ex = 4.26, 	t = 3.6757 msec, 	Position = 5
[0 0 0 0 0 0 0 0 0 0 2 0 0 0 0 1 0 0 0 0 0], 	Ex = 4.22, 	t = 3.6797 msec, 	Position = 5
[0 0 0 0 0 0 0 0 0 0 2 0 0 0 0 1 0 0 0 0 0], 	Ex = 4.19, 	t = 3.6837 msec, 	Position = 5
[0 0 0 0 0 0 0 0 0 0 2 0 0 0 0 1 0 0 0 0 0], 	Ex = 4.16, 	t = 3.6877 msec, 	Position = 5
[0 0 0 0 0 0 0 0 0 0 2 0 0 0 0 1 0 0 0 0 0], 	Ex = 4.12, 	t = 3.6917 msec, 	Position = 5
[0 0 0 0 0 0 0 0 0 0 2 0 0 0 0 1 0 0 0 0 0], 	Ex = 4.08, 	t = 3.6957 msec, 	Position = 5
[0 0 0 0 0 0 0 0 0 0 2 0 0 0 0 1 0 0 0 0 0], 	Ex = 4.05, 	t = 3.6997 msec, 	Position = 5
[0 0 0 0 0 0 0 0 0 0 2 0 0 0 0 1 0 0 0 0 0], 	Ex = 4.01, 	t = 3.7037 msec, 	Position = 5
[0 0 0 0 0 0 0 0 0 0 2 0 0 0 1 0 0 0 0 0 0], 	Ex = 3.97, 	t = 3.7077 msec, 	Position = 4
[0 0 0 0 0 0 0 0 0 0 2 0 0 0 1 0 0 0 0 0 0], 	Ex = 3.93, 	t = 3.7117 msec, 	Position = 4
[0 0 0 0 0 0 0 0 0 0 2 0 0 0 1 0 0 0 0 0 0], 	Ex = 3.90, 	t = 3.7157 msec, 	Position = 4
[0 0 0 0 0 0 0 0 0 0 2 0 0 0 1 0 0 0 0 0 0], 	Ex = 3.86, 	t = 3.7197 msec, 	Position = 4
[0 0 0 0 0 0 0 0 0 0 2 0 0 0 1 0 0 0 0 0 0], 	Ex = 3.82, 	t = 3.7237 msec, 	Position = 4
[0 0 0 0 0 0 0 0 0 0 2 0 0 0 1 0 0 0 0 0 0], 	Ex = 3.77, 	t = 3.7277 msec, 	Position = 4
[0 0 0 0 0 0 0 0 0 0 2 0 0 0 1 0 0 0 0 0 0], 	Ex = 3.73, 	t = 3.7317 msec, 	Position = 4
[0 0 0 0 0 0 0 0 0 0 2 0 0 0 1 0 0 0 0 0 0], 	Ex = 3.69, 	t = 3.7357 msec, 	Position = 4
[0 0 0 0 0 0 0 0 0 0 2 0 0 0 1 0 0 0 0 0 0], 	Ex = 3.65, 	t = 3.7397 msec, 	Position = 4
[0 0 0 0 0 0 0 0 0 0 2 0 0 0 1 0 0 0 0 0 0], 	Ex = 3.60, 	t = 3.7437 msec, 	Position = 4
[0 0 0 0 0 0 0 0 0 0 2 0 0 0 1 0 0 0 0 0 0], 	Ex = 3.56, 	t = 3.7477 msec, 	Position = 4
[0 0 0 0 0 0 0 0 0 0 2 0 0 0 1 0 0 0 0 0 0], 	Ex = 3.52, 	t = 3.7518 msec, 	Position = 4
[0 0 0 0 0 0 0 0 0 0 2 0 0 0 1 0 0 0 0 0 0], 	Ex = 3.47, 	t = 3.7558 msec, 	Position = 4
[0 0 0 0 0 0 0 0 0 0 2 0 0 0 1 0 0 0 0 0 0], 	Ex = 3.43, 	t = 3.7598 msec, 	Position = 4
[0 0 0 0 0 0 0 0 0 0 2 0 0 0 1 0 0 0 0 0 0], 	Ex = 3.38, 	t = 3.7638 msec, 	Position = 4
[0 0 0 0 0 0 0 0 0 0 2 0 0 0 1 0 0 0 0 0 0], 	Ex = 3.33, 	t = 3.7678 msec, 	Position = 4
[0 0 0 0 0 0 0 0 0 0 2 0 0 0 1 0 0 0 0 0 0], 	Ex = 3.29, 	t = 3.7718 msec, 	Position = 4
[0 0 0 0 0 0 0 0 0 0 2 0 0 0 1 0 0 0 0 0 0], 	Ex = 3.24, 	t = 3.7758 msec, 	Position = 4
[0 0 0 0 0 0 0 0 0 0 2 0 0 0 1 0 0 0 0 0 0], 	Ex = 3.19, 	t = 3.7798 msec, 	Position = 4
[0 0 0 0 0 0 0 0 0 0 2 0 0 0 1 0 0 0 0 0 0], 	Ex = 3.14, 	t = 3.7838 msec, 	Position = 4
[0 0 0 0 0 0 0 0 0 0 2 0 0 0 1 0 0 0 0 0 0], 	Ex = 3.09, 	t = 3.7878 msec, 	Position = 4
[0 0 0 0 0 0 0 0 0 0 2 0 0 0 1 0 0 0 0 0 0], 	Ex = 3.04, 	t = 3.7918 msec, 	Position = 4
[0 0 0 0 0 0 0 0 0 0 2 0 0 1 0 0 0 0 0 0 0], 	Ex = 2.99, 	t = 3.7958 msec, 	Position = 3
[0 0 0 0 0 0 0 0 0 0 2 0 0 1 0 0 0 0 0 0 0], 	Ex = 2.94, 	t = 3.7998 msec, 	Position = 3
[0 0 0 0 0 0 0 0 0 0 2 0 0 1 0 0 0 0 0 0 0], 	Ex = 2.89, 	t = 3.8038 msec, 	Position = 3
[0 0 0 0 0 0 0 0 0 0 2 0 0 1 0 0 0 0 0 0 0], 	Ex = 2.84, 	t = 3.8078 msec, 	Position = 3
[0 0 0 0 0 0 0 0 0 0 2 0 0 1 0 0 0 0 0 0 0], 	Ex = 2.79, 	t = 3.8118 msec, 	Position = 3
[0 0 0 0 0 0 0 0 0 0 2 0 0 1 0 0 0 0 0 0 0], 	Ex = 2.73, 	t = 3.8158 msec, 	Position = 3
[0 0 0 0 0 0 0 0 0 0 2 0 0 1 0 0 0 0 0 0 0], 	Ex = 2.68, 	t = 3.8198 msec, 	Position = 3
[0 0 0 0 0 0 0 0 0 0 2 0 0 1 0 0 0 0 0 0 0], 	Ex = 2.63, 	t = 3.8238 msec, 	Position = 3
[0 0 0 0 0 0 0 0 0 0 2 0 0 1 0 0 0 0 0 0 0], 	Ex = 2.57, 	t = 3.8278 msec, 	Position = 3
[0 0 0 0 0 0 0 0 0 0 2 0 0 1 0 0 0 0 0 0 0], 	Ex = 2.52, 	t = 3.8318 msec, 	Position = 3
[0 0 0 0 0 0 0 0 0 0 2 0 0 1 0 0 0 0 0 0 0], 	Ex = 2.47, 	t = 3.8358 msec, 	Position = 3
[0 0 0 0 0 0 0 0 0 0 2 0 0 1 0 0 0 0 0 0 0], 	Ex = 2.41, 	t = 3.8398 msec, 	Position = 3
[0 0 0 0 0 0 0 0 0 0 2 0 0 1 0 0 0 0 0 0 0], 	Ex = 2.36, 	t = 3.8438 msec, 	Position = 3
[0 0 0 0 0 0 0 0 0 0 2 0 0 1 0 0 0 0 0 0 0], 	Ex = 2.30, 	t = 3.8478 msec, 	Position = 3
[0 0 0 0 0 0 0 0 0 0 2 0 0 1 0 0 0 0 0 0 0], 	Ex = 2.24, 	t = 3.8519 msec, 	Position = 3
[0 0 0 0 0 0 0 0 0 0 2 0 0 1 0 0 0 0 0 0 0], 	Ex = 2.19, 	t = 3.8559 msec, 	Position = 3
[0 0 0 0 0 0 0 0 0 0 2 0 0 1 0 0 0 0 0 0 0], 	Ex = 2.13, 	t = 3.8599 msec, 	Position = 3
[0 0 0 0 0 0 0 0 0 0 2 0 0 1 0 0 0 0 0 0 0], 	Ex = 2.07, 	t = 3.8639 msec, 	Position = 3
[0 0 0 0 0 0 0 0 0 0 2 0 0 1 0 0 0 0 0 0 0], 	Ex = 2.02, 	t = 3.8679 msec, 	Position = 3
[0 0 0 0 0 0 0 0 0 0 2 0 1 0 0 0 0 0 0 0 0], 	Ex = 1.96, 	t = 3.8719 msec, 	Position = 2
[0 0 0 0 0 0 0 0 0 0 2 0 1 0 0 0 0 0 0 0 0], 	Ex = 1.90, 	t = 3.8759 msec, 	Position = 2
[0 0 0 0 0 0 0 0 0 0 2 0 1 0 0 0 0 0 0 0 0], 	Ex = 1.84, 	t = 3.8799 msec, 	Position = 2
[0 0 0 0 0 0 0 0 0 0 2 0 1 0 0 0 0 0 0 0 0], 	Ex = 1.78, 	t = 3.8839 msec, 	Position = 2
[0 0 0 0 0 0 0 0 0 0 2 0 1 0 0 0 0 0 0 0 0], 	Ex = 1.72, 	t = 3.8879 msec, 	Position = 2
[0 0 0 0 0 0 0 0 0 0 2 0 1 0 0 0 0 0 0 0 0], 	Ex = 1.67, 	t = 3.8919 msec, 	Position = 2
[0 0 0 0 0 0 0 0 0 0 2 0 1 0 0 0 0 0 0 0 0], 	Ex = 1.61, 	t = 3.8959 msec, 	Position = 2
[0 0 0 0 0 0 0 0 0 0 2 0 1 0 0 0 0 0 0 0 0], 	Ex = 1.55, 	t = 3.8999 msec, 	Position = 2
[0 0 0 0 0 0 0 0 0 0 2 0 1 0 0 0 0 0 0 0 0], 	Ex = 1.49, 	t = 3.9039 msec, 	Position = 2
[0 0 0 0 0 0 0 0 0 0 2 0 1 0 0 0 0 0 0 0 0], 	Ex = 1.43, 	t = 3.9079 msec, 	Position = 2
[0 0 0 0 0 0 0 0 0 0 2 0 1 0 0 0 0 0 0 0 0], 	Ex = 1.37, 	t = 3.9119 msec, 	Position = 2
[0 0 0 0 0 0 0 0 0 0 2 0 1 0 0 0 0 0 0 0 0], 	Ex = 1.31, 	t = 3.9159 msec, 	Position = 2
[0 0 0 0 0 0 0 0 0 0 2 0 1 0 0 0 0 0 0 0 0], 	Ex = 1.24, 	t = 3.9199 msec, 	Position = 2
[0 0 0 0 0 0 0 0 0 0 2 0 1 0 0 0 0 0 0 0 0], 	Ex = 1.18, 	t = 3.9239 msec, 	Position = 2
[0 0 0 0 0 0 0 0 0 0 2 0 1 0 0 0 0 0 0 0 0], 	Ex = 1.12, 	t = 3.9279 msec, 	Position = 2
[0 0 0 0 0 0 0 0 0 0 2 0 1 0 0 0 0 0 0 0 0], 	Ex = 1.06, 	t = 3.9319 msec, 	Position = 2
[0 0 0 0 0 0 0 0 0 0 2 1 0 0 0 0 0 0 0 0 0], 	Ex = 1.00, 	t = 3.9359 msec, 	Position = 1
[0 0 0 0 0 0 0 0 0 0 2 1 0 0 0 0 0 0 0 0 0], 	Ex = 0.94, 	t = 3.9399 msec, 	Position = 1
[0 0 0 0 0 0 0 0 0 0 2 1 0 0 0 0 0 0 0 0 0], 	Ex = 0.88, 	t = 3.9439 msec, 	Position = 1
[0 0 0 0 0 0 0 0 0 0 2 1 0 0 0 0 0 0 0 0 0], 	Ex = 0.81, 	t = 3.9479 msec, 	Position = 1
[0 0 0 0 0 0 0 0 0 0 2 1 0 0 0 0 0 0 0 0 0], 	Ex = 0.75, 	t = 3.9520 msec, 	Position = 1
[0 0 0 0 0 0 0 0 0 0 2 1 0 0 0 0 0 0 0 0 0], 	Ex = 0.69, 	t = 3.9560 msec, 	Position = 1
[0 0 0 0 0 0 0 0 0 0 2 1 0 0 0 0 0 0 0 0 0], 	Ex = 0.63, 	t = 3.9600 msec, 	Position = 1
[0 0 0 0 0 0 0 0 0 0 2 1 0 0 0 0 0 0 0 0 0], 	Ex = 0.56, 	t = 3.9640 msec, 	Position = 1
[0 0 0 0 0 0 0 0 0 0 2 1 0 0 0 0 0 0 0 0 0], 	Ex = 0.50, 	t = 3.9680 msec, 	Position = 1
[0 0 0 0 0 0 0 0 0 0 2 1 0 0 0 0 0 0 0 0 0], 	Ex = 0.44, 	t = 3.9720 msec, 	Position = 1
[0 0 0 0 0 0 0 0 0 0 2 1 0 0 0 0 0 0 0 0 0], 	Ex = 0.38, 	t = 3.9760 msec, 	Position = 1
[0 0 0 0 0 0 0 0 0 0 2 1 0 0 0 0 0 0 0 0 0], 	Ex = 0.31, 	t = 3.9800 msec, 	Position = 1
[0 0 0 0 0 0 0 0 0 0 2 1 0 0 0 0 0 0 0 0 0], 	Ex = 0.25, 	t = 3.9840 msec, 	Position = 1
[0 0 0 0 0 0 0 0 0 0 2 1 0 0 0 0 0 0 0 0 0], 	Ex = 0.19, 	t = 3.9880 msec, 	Position = 1
[0 0 0 0 0 0 0 0 0 0 2 1 0 0 0 0 0 0 0 0 0], 	Ex = 0.13, 	t = 3.9920 msec, 	Position = 1
[0 0 0 0 0 0 0 0 0 0 2 1 0 0 0 0 0 0 0 0 0], 	Ex = 0.06, 	t = 3.9960 msec, 	Position = 1
[0 0 0 0 0 0 0 0 0 0 2 1 0 0 0 0 0 0 0 0 0], 	Ex = 0.00, 	t = 4.0000 msec, 	Position = 1
